Spectral Irradiance, W m-2 nm-1
values at z =      1.186 km
Columns: wavelength (nm), times (hrs.) or sza (deg.)
    wc, nm      0.000      0.050      0.100      0.150      0.200      0.250      0.300      0.350      0.400      0.450      0.500      0.550      0.600      0.650      0.700      0.750      0.800      0.850      0.900      0.950      1.000      1.050      1.100      1.150      1.200      1.250      1.300      1.350      1.400      1.450      1.500      1.550      1.600      1.650      1.700      1.750      1.800      1.850      1.900      1.950      2.000      2.050      2.100      2.150      2.200      2.250      2.300      2.350      2.400      2.450      2.500      2.550      2.600      2.650      2.700      2.750      2.800      2.850      2.900      2.950      3.000      3.050      3.100      3.150      3.200      3.250      3.300      3.350      3.400      3.450      3.500      3.550      3.600      3.650      3.700      3.750      3.800      3.850      3.900      3.950
    sza =     127.003    127.008    127.003    126.989    126.964    126.930    126.886    126.833    126.770    126.698    126.615    126.523    126.422    126.311    126.191    126.062    125.923    125.775    125.619    125.453    125.278    125.094    124.902    124.701    124.492    124.273    124.047    123.812    123.569    123.319    123.060    122.793    122.519    122.237    121.947    121.651    121.346    121.035    120.716    120.391    120.059    119.720    119.375    119.023    118.665    118.300    117.930    117.553    117.170    116.782    116.388    115.988    115.583    115.172    114.756    114.335    113.909    113.478    113.042    112.601    112.156    111.706    111.251    110.792    110.329    109.862    109.390    108.914    108.434    107.951    107.464    106.972    106.478    105.979    105.477    104.972    104.464    103.951    103.436    102.918
  332.0000  0.000E+00  0.000E+00  0.000E+00  0.000E+00  0.000E+00  0.000E+00  0.000E+00  0.000E+00  0.000E+00  0.000E+00  0.000E+00  0.000E+00  0.000E+00  0.000E+00  0.000E+00  0.000E+00  0.000E+00  0.000E+00  0.000E+00  0.000E+00  0.000E+00  0.000E+00  0.000E+00  0.000E+00  0.000E+00  0.000E+00  0.000E+00  0.000E+00  0.000E+00  0.000E+00  0.000E+00  0.000E+00  0.000E+00  0.000E+00  0.000E+00  0.000E+00  0.000E+00  0.000E+00  0.000E+00  0.000E+00  0.000E+00  0.000E+00  0.000E+00  0.000E+00  0.000E+00  0.000E+00  0.000E+00  0.000E+00  0.000E+00  0.000E+00  0.000E+00  0.000E+00  0.000E+00  0.000E+00  0.000E+00  0.000E+00  0.000E+00  0.000E+00  0.000E+00  0.000E+00  0.000E+00  0.000E+00  0.000E+00  0.000E+00  0.000E+00  0.000E+00  0.000E+00  0.000E+00  0.000E+00  0.000E+00  0.000E+00  0.000E+00  0.000E+00  0.000E+00  0.000E+00  0.000E+00  0.000E+00  0.000E+00  0.000E+00  0.000E+00
  368.0000  0.000E+00  0.000E+00  0.000E+00  0.000E+00  0.000E+00  0.000E+00  0.000E+00  0.000E+00  0.000E+00  0.000E+00  0.000E+00  0.000E+00  0.000E+00  0.000E+00  0.000E+00  0.000E+00  0.000E+00  0.000E+00  0.000E+00  0.000E+00  0.000E+00  0.000E+00  0.000E+00  0.000E+00  0.000E+00  0.000E+00  0.000E+00  0.000E+00  0.000E+00  0.000E+00  0.000E+00  0.000E+00  0.000E+00  0.000E+00  0.000E+00  0.000E+00  0.000E+00  0.000E+00  0.000E+00  0.000E+00  0.000E+00  0.000E+00  0.000E+00  0.000E+00  0.000E+00  0.000E+00  0.000E+00  0.000E+00  0.000E+00  0.000E+00  0.000E+00  0.000E+00  0.000E+00  0.000E+00  0.000E+00  0.000E+00  0.000E+00  0.000E+00  0.000E+00  0.000E+00  0.000E+00  0.000E+00  0.000E+00  0.000E+00  0.000E+00  0.000E+00  0.000E+00  0.000E+00  0.000E+00  0.000E+00  0.000E+00  0.000E+00  0.000E+00  0.000E+00  0.000E+00  0.000E+00  0.000E+00  0.000E+00  0.000E+00  0.000E+00
------------------------------------------------------------
Spectral Irradiance, W m-2 nm-1
values at z =      1.186 km
Columns: wavelength (nm), times (hrs.) or sza (deg.)
    wc, nm      4.000      4.050      4.100      4.150      4.200      4.250      4.300      4.350      4.400      4.450      4.500      4.550      4.600      4.650      4.700      4.750      4.800      4.850      4.900      4.950      5.000      5.050      5.100      5.150      5.200      5.250      5.300      5.350      5.400      5.450      5.500      5.550      5.600      5.650      5.700      5.750      5.800      5.850      5.900      5.950      6.000      6.050      6.100      6.150      6.200      6.250      6.300      6.350      6.400      6.450      6.500      6.550      6.600      6.650      6.700      6.750      6.800      6.850      6.900      6.950      7.000      7.050      7.100      7.150      7.200      7.250      7.300      7.350      7.400      7.450      7.500      7.550      7.600      7.650      7.700      7.750      7.800      7.850      7.900      7.950
    sza =     102.397    101.872    101.345    100.814    100.281     99.745     99.207     98.666     98.121     97.575     97.026     96.475     95.921     95.365     94.806     94.246     93.683     93.118     92.551     91.982     91.411     90.837     90.262     89.685     89.107     88.526     87.944     87.359     86.774     86.186     85.597     85.006     84.414     83.820     83.225     82.628     82.030     81.430     80.829     80.227     79.624     79.019     78.413     77.806     77.197     76.588     75.977     75.365     74.752     74.138     73.523     72.907     72.290     71.672     71.053     70.433     69.813     69.191     68.569     67.946     67.322     66.697     66.072     65.445     64.818     64.191     63.562     62.934     62.304     61.674     61.043     60.412     59.780     59.148     58.515     57.882     57.248     56.614     55.979     55.345
  332.0000  0.000E+00  0.000E+00  0.000E+00  0.000E+00  0.000E+00  0.000E+00  0.000E+00  0.000E+00  0.000E+00  0.000E+00  0.000E+00  0.000E+00  0.000E+00  0.000E+00  0.000E+00  0.000E+00  0.000E+00  0.000E+00  0.000E+00  0.000E+00  0.000E+00  1.213E-33  1.552E-29  1.620E-03  4.569E-03  7.638E-03  1.081E-02  1.408E-02  1.746E-02  2.093E-02  2.451E-02  2.819E-02  3.197E-02  3.587E-02  3.986E-02  4.398E-02  4.820E-02  5.254E-02  5.700E-02  6.159E-02  6.629E-02  7.112E-02  7.608E-02  8.115E-02  8.636E-02  9.168E-02  9.713E-02  1.027E-01  1.084E-01  1.142E-01  1.201E-01  1.261E-01  1.322E-01  1.384E-01  1.447E-01  1.511E-01  1.575E-01  1.641E-01  1.707E-01  1.774E-01  1.842E-01  1.910E-01  1.979E-01  2.048E-01  2.118E-01  2.189E-01  2.259E-01  2.331E-01  2.402E-01  2.474E-01  2.546E-01  2.618E-01  2.690E-01  2.763E-01  2.836E-01  2.908E-01  2.981E-01  3.054E-01  3.126E-01  3.199E-01
  368.0000  0.000E+00  0.000E+00  0.000E+00  0.000E+00  0.000E+00  0.000E+00  0.000E+00  0.000E+00  0.000E+00  0.000E+00  0.000E+00  0.000E+00  0.000E+00  0.000E+00  0.000E+00  0.000E+00  0.000E+00  0.000E+00  0.000E+00  0.000E+00  0.000E+00  1.504E-23  1.107E-20  2.242E-03  6.323E-03  1.057E-02  1.495E-02  1.948E-02  2.414E-02  2.895E-02  3.391E-02  3.902E-02  4.429E-02  4.973E-02  5.534E-02  6.114E-02  6.712E-02  7.328E-02  7.963E-02  8.616E-02  9.287E-02  9.976E-02  1.068E-01  1.140E-01  1.214E-01  1.289E-01  1.366E-01  1.444E-01  1.523E-01  1.604E-01  1.686E-01  1.768E-01  1.852E-01  1.937E-01  2.022E-01  2.109E-01  2.196E-01  2.283E-01  2.372E-01  2.460E-01  2.550E-01  2.639E-01  2.729E-01  2.820E-01  2.911E-01  3.002E-01  3.093E-01  3.184E-01  3.275E-01  3.367E-01  3.458E-01  3.549E-01  3.641E-01  3.732E-01  3.823E-01  3.914E-01  4.005E-01  4.095E-01  4.185E-01  4.275E-01
------------------------------------------------------------
Spectral Irradiance, W m-2 nm-1
values at z =      1.186 km
Columns: wavelength (nm), times (hrs.) or sza (deg.)
    wc, nm      8.000      8.050      8.100      8.150      8.200      8.250      8.300      8.350      8.400      8.450      8.500      8.550      8.600      8.650      8.700      8.750      8.800      8.850      8.900      8.950      9.000      9.050      9.100      9.150      9.200      9.250      9.300      9.350      9.400      9.450      9.500      9.550      9.600      9.650      9.700      9.750      9.800      9.850      9.900      9.950     10.000     10.050     10.100     10.150     10.200     10.250     10.300     10.350     10.400     10.450     10.500     10.550     10.600     10.650     10.700     10.750     10.800     10.850     10.900     10.950     11.000     11.050     11.100     11.150     11.200     11.250     11.300     11.350     11.400     11.450     11.500     11.550     11.600     11.650     11.700     11.750     11.800     11.850     11.900     11.950
    sza =      54.709     54.074     53.438     52.801     52.165     51.528     50.891     50.254     49.617     48.980     48.342     47.704     47.067     46.429     45.791     45.154     44.516     43.878     43.241     42.604     41.967     41.330     40.693     40.057     39.421     38.786     38.151     37.517     36.883     36.249     35.617     34.985     34.354     33.724     33.095     32.466     31.840     31.214     30.589     29.966     29.345     28.725     28.107     27.491     26.877     26.265     25.656     25.050     24.446     23.846     23.249     22.656     22.066     21.481     20.901     20.326     19.757     19.194     18.638     18.089     17.548     17.016     16.495     15.983     15.484     14.998     14.527     14.071     13.633     13.214     12.817     12.442     12.093     11.772     11.481     11.221     10.997     10.810     10.661     10.553
  332.0000  3.271E-01  3.344E-01  3.416E-01  3.488E-01  3.560E-01  3.631E-01  3.702E-01  3.773E-01  3.844E-01  3.914E-01  3.984E-01  4.053E-01  4.122E-01  4.191E-01  4.259E-01  4.326E-01  4.393E-01  4.459E-01  4.525E-01  4.590E-01  4.655E-01  4.719E-01  4.782E-01  4.845E-01  4.906E-01  4.967E-01  5.028E-01  5.087E-01  5.146E-01  5.204E-01  5.261E-01  5.318E-01  5.373E-01  5.428E-01  5.481E-01  5.534E-01  5.586E-01  5.637E-01  5.687E-01  5.736E-01  5.784E-01  5.831E-01  5.878E-01  5.923E-01  5.967E-01  6.010E-01  6.052E-01  6.093E-01  6.133E-01  6.172E-01  6.209E-01  6.246E-01  6.281E-01  6.316E-01  6.349E-01  6.381E-01  6.412E-01  6.442E-01  6.471E-01  6.498E-01  6.525E-01  6.550E-01  6.574E-01  6.597E-01  6.618E-01  6.639E-01  6.658E-01  6.676E-01  6.693E-01  6.708E-01  6.723E-01  6.736E-01  6.748E-01  6.758E-01  6.768E-01  6.776E-01  6.783E-01  6.788E-01  6.793E-01  6.796E-01
  368.0000  4.364E-01  4.453E-01  4.542E-01  4.630E-01  4.718E-01  4.805E-01  4.892E-01  4.978E-01  5.064E-01  5.149E-01  5.233E-01  5.317E-01  5.400E-01  5.483E-01  5.564E-01  5.645E-01  5.725E-01  5.805E-01  5.883E-01  5.961E-01  6.038E-01  6.114E-01  6.189E-01  6.263E-01  6.337E-01  6.409E-01  6.480E-01  6.551E-01  6.620E-01  6.689E-01  6.756E-01  6.823E-01  6.888E-01  6.952E-01  7.015E-01  7.077E-01  7.138E-01  7.198E-01  7.256E-01  7.314E-01  7.370E-01  7.425E-01  7.479E-01  7.532E-01  7.583E-01  7.634E-01  7.683E-01  7.730E-01  7.777E-01  7.822E-01  7.866E-01  7.909E-01  7.950E-01  7.990E-01  8.029E-01  8.066E-01  8.102E-01  8.137E-01  8.170E-01  8.202E-01  8.232E-01  8.262E-01  8.289E-01  8.316E-01  8.341E-01  8.364E-01  8.387E-01  8.408E-01  8.427E-01  8.445E-01  8.462E-01  8.477E-01  8.490E-01  8.503E-01  8.514E-01  8.523E-01  8.531E-01  8.538E-01  8.543E-01  8.546E-01
------------------------------------------------------------
Spectral Irradiance, W m-2 nm-1
values at z =      1.186 km
Columns: wavelength (nm), times (hrs.) or sza (deg.)
    wc, nm     12.000     12.050     12.100     12.150     12.200     12.250     12.300     12.350     12.400     12.450     12.500     12.550     12.600     12.650     12.700     12.750     12.800     12.850     12.900     12.950     13.000     13.050     13.100     13.150     13.200     13.250     13.300     13.350     13.400     13.450     13.500     13.550     13.600     13.650     13.700     13.750     13.800     13.850     13.900     13.950     14.000     14.050     14.100     14.150     14.200     14.250     14.300     14.350     14.400     14.450     14.500     14.550     14.600     14.650     14.700     14.750     14.800     14.850     14.900     14.950     15.000     15.050     15.100     15.150     15.200     15.250     15.300     15.350     15.400     15.450     15.500     15.550     15.600     15.650     15.700     15.750     15.800     15.850     15.900     15.950
    sza =      10.486     10.462     10.481     10.542     10.645     10.789     10.971     11.191     11.446     11.733     12.051     12.396     12.768     13.162     13.579     14.015     14.468     14.938     15.422     15.920     16.429     16.950     17.480     18.020     18.568     19.123     19.685     20.253     20.827     21.407     21.991     22.580     23.172     23.769     24.368     24.972     25.578     26.186     26.797     27.411     28.027     28.644     29.264     29.885     30.507     31.131     31.757     32.384     33.012     33.640     34.270     34.901     35.533     36.165     36.798     37.431     38.065     38.700     39.335     39.971     40.607     41.243     41.879     42.516     43.153     43.790     44.428     45.065     45.702     46.340     46.977     47.614     48.252     48.889     49.526     50.163     50.800     51.437     52.073     52.709
  332.0000  6.798E-01  6.799E-01  6.798E-01  6.796E-01  6.793E-01  6.789E-01  6.783E-01  6.777E-01  6.769E-01  6.759E-01  6.749E-01  6.737E-01  6.724E-01  6.710E-01  6.695E-01  6.678E-01  6.660E-01  6.641E-01  6.621E-01  6.599E-01  6.577E-01  6.553E-01  6.528E-01  6.502E-01  6.474E-01  6.446E-01  6.416E-01  6.385E-01  6.353E-01  6.320E-01  6.286E-01  6.250E-01  6.214E-01  6.176E-01  6.138E-01  6.098E-01  6.057E-01  6.015E-01  5.972E-01  5.928E-01  5.883E-01  5.837E-01  5.790E-01  5.742E-01  5.693E-01  5.643E-01  5.593E-01  5.541E-01  5.488E-01  5.435E-01  5.380E-01  5.325E-01  5.268E-01  5.211E-01  5.154E-01  5.095E-01  5.035E-01  4.975E-01  4.914E-01  4.853E-01  4.790E-01  4.727E-01  4.663E-01  4.599E-01  4.534E-01  4.468E-01  4.402E-01  4.335E-01  4.268E-01  4.200E-01  4.132E-01  4.063E-01  3.993E-01  3.924E-01  3.854E-01  3.783E-01  3.712E-01  3.641E-01  3.570E-01  3.498E-01
  368.0000  8.549E-01  8.550E-01  8.549E-01  8.547E-01  8.543E-01  8.538E-01  8.532E-01  8.524E-01  8.515E-01  8.504E-01  8.492E-01  8.478E-01  8.463E-01  8.447E-01  8.429E-01  8.410E-01  8.389E-01  8.367E-01  8.344E-01  8.319E-01  8.293E-01  8.265E-01  8.236E-01  8.205E-01  8.174E-01  8.141E-01  8.106E-01  8.070E-01  8.033E-01  7.995E-01  7.955E-01  7.914E-01  7.871E-01  7.827E-01  7.782E-01  7.736E-01  7.689E-01  7.640E-01  7.590E-01  7.538E-01  7.486E-01  7.432E-01  7.377E-01  7.321E-01  7.264E-01  7.205E-01  7.146E-01  7.085E-01  7.023E-01  6.960E-01  6.896E-01  6.831E-01  6.765E-01  6.697E-01  6.629E-01  6.560E-01  6.490E-01  6.418E-01  6.346E-01  6.273E-01  6.199E-01  6.124E-01  6.048E-01  5.971E-01  5.894E-01  5.815E-01  5.736E-01  5.656E-01  5.575E-01  5.494E-01  5.411E-01  5.328E-01  5.245E-01  5.160E-01  5.076E-01  4.990E-01  4.904E-01  4.817E-01  4.730E-01  4.643E-01
------------------------------------------------------------
Spectral Irradiance, W m-2 nm-1
values at z =      1.186 km
Columns: wavelength (nm), times (hrs.) or sza (deg.)
    wc, nm     16.000     16.050     16.100     16.150     16.200     16.250     16.300     16.350     16.400     16.450     16.500     16.550     16.600     16.650     16.700     16.750     16.800     16.850     16.900     16.950     17.000     17.050     17.100     17.150     17.200     17.250     17.300     17.350     17.400     17.450     17.500     17.550     17.600     17.650     17.700     17.750     17.800     17.850     17.900     17.950     18.000     18.050     18.100     18.150     18.200     18.250     18.300     18.350     18.400     18.450     18.500     18.550     18.600     18.650     18.700     18.750     18.800     18.850     18.900     18.950     19.000     19.050     19.100     19.150     19.200     19.250     19.300     19.350     19.400     19.450     19.500     19.550     19.600     19.650     19.700     19.750     19.800     19.850     19.900     19.950
    sza =      53.345     53.981     54.616     55.251     55.886     56.520     57.154     57.787     58.420     59.053     59.684     60.316     60.947     61.577     62.207     62.836     63.465     64.093     64.720     65.347     65.972     66.597     67.222     67.845     68.468     69.090     69.711     70.331     70.951     71.569     72.187     72.803     73.419     74.034     74.647     75.260     75.871     76.481     77.090     77.699     78.305     78.911     79.515     80.118     80.720     81.321     81.919     82.517     83.113     83.708     84.301     84.893     85.483     86.072     86.659     87.244     87.828     88.410     88.990     89.568     90.145     90.719     91.292     91.862     92.431     92.997     93.561     94.124     94.684     95.242     95.797     96.350     96.901     97.450     97.995     98.539     99.079     99.617    100.152    100.685
  332.0000  3.426E-01  3.354E-01  3.282E-01  3.209E-01  3.137E-01  3.064E-01  2.991E-01  2.919E-01  2.846E-01  2.774E-01  2.701E-01  2.629E-01  2.557E-01  2.484E-01  2.413E-01  2.341E-01  2.270E-01  2.199E-01  2.129E-01  2.059E-01  1.990E-01  1.921E-01  1.852E-01  1.785E-01  1.718E-01  1.651E-01  1.586E-01  1.521E-01  1.457E-01  1.394E-01  1.332E-01  1.271E-01  1.210E-01  1.151E-01  1.093E-01  1.036E-01  9.807E-02  9.260E-02  8.727E-02  8.205E-02  7.695E-02  7.198E-02  6.714E-02  6.242E-02  5.782E-02  5.334E-02  4.898E-02  4.474E-02  4.062E-02  3.660E-02  3.270E-02  2.890E-02  2.520E-02  2.161E-02  1.812E-02  1.474E-02  1.145E-02  8.262E-03  5.177E-03  2.205E-03  9.981E-29  8.275E-33  0.000E+00  0.000E+00  0.000E+00  0.000E+00  0.000E+00  0.000E+00  0.000E+00  0.000E+00  0.000E+00  0.000E+00  0.000E+00  0.000E+00  0.000E+00  0.000E+00  0.000E+00  0.000E+00  0.000E+00  0.000E+00
  368.0000  4.554E-01  4.466E-01  4.377E-01  4.288E-01  4.198E-01  4.108E-01  4.018E-01  3.927E-01  3.836E-01  3.745E-01  3.654E-01  3.563E-01  3.472E-01  3.380E-01  3.289E-01  3.198E-01  3.106E-01  3.015E-01  2.924E-01  2.834E-01  2.743E-01  2.653E-01  2.564E-01  2.474E-01  2.385E-01  2.297E-01  2.210E-01  2.122E-01  2.036E-01  1.951E-01  1.866E-01  1.782E-01  1.699E-01  1.618E-01  1.537E-01  1.457E-01  1.379E-01  1.302E-01  1.227E-01  1.153E-01  1.081E-01  1.010E-01  9.408E-02  8.734E-02  8.079E-02  7.442E-02  6.823E-02  6.222E-02  5.640E-02  5.076E-02  4.530E-02  4.001E-02  3.487E-02  2.990E-02  2.507E-02  2.038E-02  1.584E-02  1.143E-02  7.164E-03  3.051E-03  4.044E-20  5.685E-23  0.000E+00  0.000E+00  0.000E+00  0.000E+00  0.000E+00  0.000E+00  0.000E+00  0.000E+00  0.000E+00  0.000E+00  0.000E+00  0.000E+00  0.000E+00  0.000E+00  0.000E+00  0.000E+00  0.000E+00  0.000E+00
------------------------------------------------------------
Spectral Irradiance, W m-2 nm-1
values at z =      1.186 km
Columns: wavelength (nm), times (hrs.) or sza (deg.)
    wc, nm     20.000     20.050     20.100     20.150     20.200     20.250     20.300     20.350     20.400     20.450     20.500     20.550     20.600     20.650     20.700     20.750     20.800     20.850     20.900     20.950     21.000     21.050     21.100     21.150     21.200     21.250     21.300     21.350     21.400     21.450     21.500     21.550     21.600     21.650     21.700     21.750     21.800     21.850     21.900     21.950     22.000     22.050     22.100     22.150     22.200     22.250     22.300     22.350     22.400     22.450     22.500     22.550     22.600     22.650     22.700     22.750     22.800     22.850     22.900     22.950     23.000     23.050     23.100     23.150     23.200     23.250     23.300     23.350     23.400     23.450     23.500     23.550     23.600     23.650     23.700     23.750     23.800     23.850     23.900     23.950
    sza =     101.214    101.741    102.265    102.785    103.303    103.818    104.329    104.837    105.342    105.843    106.341    106.834    107.325    107.812    108.295    108.773    109.248    109.719    110.186    110.649    111.107    111.561    112.010    112.455    112.895    113.330    113.760    114.186    114.606    115.022    115.431    115.835    116.235    116.628    117.016    117.398    117.774    118.144    118.508    118.865    119.217    119.561    119.900    120.231    120.556    120.874    121.184    121.488    121.784    122.074    122.355    122.629    122.895    123.154    123.404    123.647    123.881    124.107    124.325    124.534    124.735    124.926    125.110    125.284    125.450    125.607    125.755    125.893    126.023    126.142    126.253    126.354    126.447    126.529    126.602    126.665    126.718    126.762    126.796    126.821
  332.0000  0.000E+00  0.000E+00  0.000E+00  0.000E+00  0.000E+00  0.000E+00  0.000E+00  0.000E+00  0.000E+00  0.000E+00  0.000E+00  0.000E+00  0.000E+00  0.000E+00  0.000E+00  0.000E+00  0.000E+00  0.000E+00  0.000E+00  0.000E+00  0.000E+00  0.000E+00  0.000E+00  0.000E+00  0.000E+00  0.000E+00  0.000E+00  0.000E+00  0.000E+00  0.000E+00  0.000E+00  0.000E+00  0.000E+00  0.000E+00  0.000E+00  0.000E+00  0.000E+00  0.000E+00  0.000E+00  0.000E+00  0.000E+00  0.000E+00  0.000E+00  0.000E+00  0.000E+00  0.000E+00  0.000E+00  0.000E+00  0.000E+00  0.000E+00  0.000E+00  0.000E+00  0.000E+00  0.000E+00  0.000E+00  0.000E+00  0.000E+00  0.000E+00  0.000E+00  0.000E+00  0.000E+00  0.000E+00  0.000E+00  0.000E+00  0.000E+00  0.000E+00  0.000E+00  0.000E+00  0.000E+00  0.000E+00  0.000E+00  0.000E+00  0.000E+00  0.000E+00  0.000E+00  0.000E+00  0.000E+00  0.000E+00  0.000E+00  0.000E+00
  368.0000  0.000E+00  0.000E+00  0.000E+00  0.000E+00  0.000E+00  0.000E+00  0.000E+00  0.000E+00  0.000E+00  0.000E+00  0.000E+00  0.000E+00  0.000E+00  0.000E+00  0.000E+00  0.000E+00  0.000E+00  0.000E+00  0.000E+00  0.000E+00  0.000E+00  0.000E+00  0.000E+00  0.000E+00  0.000E+00  0.000E+00  0.000E+00  0.000E+00  0.000E+00  0.000E+00  0.000E+00  0.000E+00  0.000E+00  0.000E+00  0.000E+00  0.000E+00  0.000E+00  0.000E+00  0.000E+00  0.000E+00  0.000E+00  0.000E+00  0.000E+00  0.000E+00  0.000E+00  0.000E+00  0.000E+00  0.000E+00  0.000E+00  0.000E+00  0.000E+00  0.000E+00  0.000E+00  0.000E+00  0.000E+00  0.000E+00  0.000E+00  0.000E+00  0.000E+00  0.000E+00  0.000E+00  0.000E+00  0.000E+00  0.000E+00  0.000E+00  0.000E+00  0.000E+00  0.000E+00  0.000E+00  0.000E+00  0.000E+00  0.000E+00  0.000E+00  0.000E+00  0.000E+00  0.000E+00  0.000E+00  0.000E+00  0.000E+00  0.000E+00
------------------------------------------------------------
Spectral Irradiance, W m-2 nm-1
values at z =      1.186 km
Columns: wavelength (nm), times (hrs.) or sza (deg.)
    wc, nm      0.000      0.050      0.100      0.150      0.200      0.250      0.300      0.350      0.400      0.450      0.500      0.550      0.600      0.650      0.700      0.750      0.800      0.850      0.900      0.950      1.000      1.050      1.100      1.150      1.200      1.250      1.300      1.350      1.400      1.450      1.500      1.550      1.600      1.650      1.700      1.750      1.800      1.850      1.900      1.950      2.000      2.050      2.100      2.150      2.200      2.250      2.300      2.350      2.400      2.450      2.500      2.550      2.600      2.650      2.700      2.750      2.800      2.850      2.900      2.950      3.000      3.050      3.100      3.150      3.200      3.250      3.300      3.350      3.400      3.450      3.500      3.550      3.600      3.650      3.700      3.750      3.800      3.850      3.900      3.950
    sza =     126.836    126.842    126.837    126.823    126.799    126.766    126.722    126.670    126.607    126.535    126.453    126.362    126.261    126.151    126.032    125.903    125.766    125.619    125.463    125.298    125.124    124.941    124.750    124.550    124.342    124.124    123.899    123.665    123.423    123.174    122.916    122.651    122.377    122.096    121.808    121.512    121.209    120.899    120.581    120.258    119.926    119.588    119.244    118.893    118.537    118.173    117.804    117.428    117.047    116.659    116.266    115.868    115.464    115.054    114.640    114.220    113.794    113.365    112.930    112.490    112.046    111.597    111.143    110.686    110.223    109.757    109.286    108.812    108.333    107.851    107.364    106.874    106.380    105.883    105.382    104.878    104.370    103.859    103.345    102.828
  332.0000  0.000E+00  0.000E+00  0.000E+00  0.000E+00  0.000E+00  0.000E+00  0.000E+00  0.000E+00  0.000E+00  0.000E+00  0.000E+00  0.000E+00  0.000E+00  0.000E+00  0.000E+00  0.000E+00  0.000E+00  0.000E+00  0.000E+00  0.000E+00  0.000E+00  0.000E+00  0.000E+00  0.000E+00  0.000E+00  0.000E+00  0.000E+00  0.000E+00  0.000E+00  0.000E+00  0.000E+00  0.000E+00  0.000E+00  0.000E+00  0.000E+00  0.000E+00  0.000E+00  0.000E+00  0.000E+00  0.000E+00  0.000E+00  0.000E+00  0.000E+00  0.000E+00  0.000E+00  0.000E+00  0.000E+00  0.000E+00  0.000E+00  0.000E+00  0.000E+00  0.000E+00  0.000E+00  0.000E+00  0.000E+00  0.000E+00  0.000E+00  0.000E+00  0.000E+00  0.000E+00  0.000E+00  0.000E+00  0.000E+00  0.000E+00  0.000E+00  0.000E+00  0.000E+00  0.000E+00  0.000E+00  0.000E+00  0.000E+00  0.000E+00  0.000E+00  0.000E+00  0.000E+00  0.000E+00  0.000E+00  0.000E+00  0.000E+00  0.000E+00
  368.0000  0.000E+00  0.000E+00  0.000E+00  0.000E+00  0.000E+00  0.000E+00  0.000E+00  0.000E+00  0.000E+00  0.000E+00  0.000E+00  0.000E+00  0.000E+00  0.000E+00  0.000E+00  0.000E+00  0.000E+00  0.000E+00  0.000E+00  0.000E+00  0.000E+00  0.000E+00  0.000E+00  0.000E+00  0.000E+00  0.000E+00  0.000E+00  0.000E+00  0.000E+00  0.000E+00  0.000E+00  0.000E+00  0.000E+00  0.000E+00  0.000E+00  0.000E+00  0.000E+00  0.000E+00  0.000E+00  0.000E+00  0.000E+00  0.000E+00  0.000E+00  0.000E+00  0.000E+00  0.000E+00  0.000E+00  0.000E+00  0.000E+00  0.000E+00  0.000E+00  0.000E+00  0.000E+00  0.000E+00  0.000E+00  0.000E+00  0.000E+00  0.000E+00  0.000E+00  0.000E+00  0.000E+00  0.000E+00  0.000E+00  0.000E+00  0.000E+00  0.000E+00  0.000E+00  0.000E+00  0.000E+00  0.000E+00  0.000E+00  0.000E+00  0.000E+00  0.000E+00  0.000E+00  0.000E+00  0.000E+00  0.000E+00  0.000E+00  0.000E+00
------------------------------------------------------------
Spectral Irradiance, W m-2 nm-1
values at z =      1.186 km
Columns: wavelength (nm), times (hrs.) or sza (deg.)
    wc, nm      4.000      4.050      4.100      4.150      4.200      4.250      4.300      4.350      4.400      4.450      4.500      4.550      4.600      4.650      4.700      4.750      4.800      4.850      4.900      4.950      5.000      5.050      5.100      5.150      5.200      5.250      5.300      5.350      5.400      5.450      5.500      5.550      5.600      5.650      5.700      5.750      5.800      5.850      5.900      5.950      6.000      6.050      6.100      6.150      6.200      6.250      6.300      6.350      6.400      6.450      6.500      6.550      6.600      6.650      6.700      6.750      6.800      6.850      6.900      6.950      7.000      7.050      7.100      7.150      7.200      7.250      7.300      7.350      7.400      7.450      7.500      7.550      7.600      7.650      7.700      7.750      7.800      7.850      7.900      7.950
    sza =     102.307    101.784    101.257    100.728    100.196     99.661     99.123     98.582     98.039     97.494     96.946     96.395     95.842     95.287     94.729     94.170     93.607     93.043     92.477     91.909     91.338     90.766     90.191     89.615     89.037     88.457     87.875     87.292     86.707     86.120     85.532     84.941     84.350     83.757     83.162     82.566     81.968     81.370     80.769     80.168     79.565     78.960     78.355     77.748     77.140     76.531     75.921     75.310     74.697     74.084     73.469     72.854     72.237     71.620     71.001     70.382     69.762     69.141     68.519     67.896     67.273     66.648     66.023     65.397     64.771     64.143     63.515     62.887     62.258     61.628     60.997     60.367     59.735     59.103     58.470     57.838     57.204     56.570     55.936     55.301
  332.0000  0.000E+00  0.000E+00  0.000E+00  0.000E+00  0.000E+00  0.000E+00  0.000E+00  0.000E+00  0.000E+00  0.000E+00  0.000E+00  0.000E+00  0.000E+00  0.000E+00  0.000E+00  0.000E+00  0.000E+00  0.000E+00  0.000E+00  0.000E+00  0.000E+00  4.904E-34  9.050E-30  1.962E-03  4.913E-03  7.979E-03  1.114E-02  1.441E-02  1.778E-02  2.125E-02  2.482E-02  2.849E-02  3.227E-02  3.615E-02  4.014E-02  4.424E-02  4.845E-02  5.277E-02  5.722E-02  6.178E-02  6.646E-02  7.127E-02  7.619E-02  8.124E-02  8.642E-02  9.171E-02  9.712E-02  1.026E-01  1.083E-01  1.140E-01  1.199E-01  1.259E-01  1.319E-01  1.381E-01  1.444E-01  1.507E-01  1.571E-01  1.637E-01  1.702E-01  1.769E-01  1.836E-01  1.904E-01  1.973E-01  2.042E-01  2.111E-01  2.181E-01  2.252E-01  2.322E-01  2.394E-01  2.465E-01  2.537E-01  2.608E-01  2.681E-01  2.753E-01  2.825E-01  2.897E-01  2.970E-01  3.042E-01  3.115E-01  3.187E-01
  368.0000  0.000E+00  0.000E+00  0.000E+00  0.000E+00  0.000E+00  0.000E+00  0.000E+00  0.000E+00  0.000E+00  0.000E+00  0.000E+00  0.000E+00  0.000E+00  0.000E+00  0.000E+00  0.000E+00  0.000E+00  0.000E+00  0.000E+00  0.000E+00  0.000E+00  5.385E-24  5.636E-21  2.710E-03  6.787E-03  1.102E-02  1.539E-02  1.990E-02  2.455E-02  2.934E-02  3.427E-02  3.936E-02  4.460E-02  5.001E-02  5.559E-02  6.134E-02  6.728E-02  7.339E-02  7.969E-02  8.616E-02  9.282E-02  9.964E-02  1.066E-01  1.138E-01  1.211E-01  1.286E-01  1.362E-01  1.439E-01  1.518E-01  1.598E-01  1.679E-01  1.761E-01  1.844E-01  1.928E-01  2.013E-01  2.098E-01  2.185E-01  2.272E-01  2.360E-01  2.448E-01  2.537E-01  2.626E-01  2.716E-01  2.806E-01  2.896E-01  2.986E-01  3.077E-01  3.168E-01  3.259E-01  3.350E-01  3.441E-01  3.532E-01  3.623E-01  3.714E-01  3.805E-01  3.895E-01  3.986E-01  4.076E-01  4.166E-01  4.256E-01
------------------------------------------------------------
Spectral Irradiance, W m-2 nm-1
values at z =      1.186 km
Columns: wavelength (nm), times (hrs.) or sza (deg.)
    wc, nm      8.000      8.050      8.100      8.150      8.200      8.250      8.300      8.350      8.400      8.450      8.500      8.550      8.600      8.650      8.700      8.750      8.800      8.850      8.900      8.950      9.000      9.050      9.100      9.150      9.200      9.250      9.300      9.350      9.400      9.450      9.500      9.550      9.600      9.650      9.700      9.750      9.800      9.850      9.900      9.950     10.000     10.050     10.100     10.150     10.200     10.250     10.300     10.350     10.400     10.450     10.500     10.550     10.600     10.650     10.700     10.750     10.800     10.850     10.900     10.950     11.000     11.050     11.100     11.150     11.200     11.250     11.300     11.350     11.400     11.450     11.500     11.550     11.600     11.650     11.700     11.750     11.800     11.850     11.900     11.950
    sza =      54.666     54.031     53.395     52.759     52.123     51.486     50.849     50.212     49.575     48.938     48.300     47.663     47.025     46.387     45.750     45.112     44.474     43.837     43.199     42.562     41.925     41.288     40.651     40.015     39.379     38.743     38.108     37.473     36.839     36.205     35.572     34.940     34.309     33.678     33.048     32.420     31.792     31.166     30.541     29.917     29.295     28.674     28.055     27.438     26.823     26.210     25.600     24.992     24.387     23.786     23.187     22.592     22.001     21.415     20.832     20.256     19.684     19.119     18.560     18.009     17.465     16.930     16.406     15.891     15.389     14.899     14.424     13.964     13.521     13.098     12.696     12.317     11.963     11.637     11.341     11.078     10.849     10.658     10.505     10.394
  332.0000  3.259E-01  3.332E-01  3.403E-01  3.475E-01  3.547E-01  3.618E-01  3.689E-01  3.760E-01  3.830E-01  3.900E-01  3.970E-01  4.039E-01  4.108E-01  4.176E-01  4.244E-01  4.311E-01  4.378E-01  4.444E-01  4.510E-01  4.575E-01  4.640E-01  4.703E-01  4.767E-01  4.829E-01  4.891E-01  4.952E-01  5.012E-01  5.072E-01  5.130E-01  5.188E-01  5.245E-01  5.302E-01  5.357E-01  5.412E-01  5.465E-01  5.518E-01  5.570E-01  5.621E-01  5.671E-01  5.720E-01  5.768E-01  5.815E-01  5.861E-01  5.907E-01  5.951E-01  5.994E-01  6.036E-01  6.077E-01  6.117E-01  6.156E-01  6.193E-01  6.230E-01  6.266E-01  6.300E-01  6.333E-01  6.365E-01  6.396E-01  6.426E-01  6.455E-01  6.483E-01  6.509E-01  6.534E-01  6.558E-01  6.581E-01  6.603E-01  6.623E-01  6.643E-01  6.661E-01  6.677E-01  6.693E-01  6.707E-01  6.721E-01  6.732E-01  6.743E-01  6.753E-01  6.761E-01  6.768E-01  6.773E-01  6.778E-01  6.781E-01
  368.0000  4.345E-01  4.434E-01  4.522E-01  4.610E-01  4.698E-01  4.785E-01  4.872E-01  4.958E-01  5.043E-01  5.128E-01  5.212E-01  5.296E-01  5.379E-01  5.461E-01  5.543E-01  5.624E-01  5.704E-01  5.783E-01  5.862E-01  5.940E-01  6.017E-01  6.093E-01  6.168E-01  6.242E-01  6.315E-01  6.388E-01  6.459E-01  6.529E-01  6.599E-01  6.667E-01  6.735E-01  6.801E-01  6.867E-01  6.931E-01  6.994E-01  7.056E-01  7.117E-01  7.177E-01  7.235E-01  7.293E-01  7.349E-01  7.404E-01  7.458E-01  7.511E-01  7.563E-01  7.613E-01  7.662E-01  7.710E-01  7.756E-01  7.802E-01  7.846E-01  7.888E-01  7.930E-01  7.970E-01  8.009E-01  8.046E-01  8.082E-01  8.117E-01  8.150E-01  8.182E-01  8.213E-01  8.242E-01  8.270E-01  8.296E-01  8.322E-01  8.345E-01  8.368E-01  8.388E-01  8.408E-01  8.426E-01  8.443E-01  8.458E-01  8.472E-01  8.484E-01  8.495E-01  8.505E-01  8.513E-01  8.519E-01  8.524E-01  8.528E-01
------------------------------------------------------------
Spectral Irradiance, W m-2 nm-1
values at z =      1.186 km
Columns: wavelength (nm), times (hrs.) or sza (deg.)
    wc, nm     12.000     12.050     12.100     12.150     12.200     12.250     12.300     12.350     12.400     12.450     12.500     12.550     12.600     12.650     12.700     12.750     12.800     12.850     12.900     12.950     13.000     13.050     13.100     13.150     13.200     13.250     13.300     13.350     13.400     13.450     13.500     13.550     13.600     13.650     13.700     13.750     13.800     13.850     13.900     13.950     14.000     14.050     14.100     14.150     14.200     14.250     14.300     14.350     14.400     14.450     14.500     14.550     14.600     14.650     14.700     14.750     14.800     14.850     14.900     14.950     15.000     15.050     15.100     15.150     15.200     15.250     15.300     15.350     15.400     15.450     15.500     15.550     15.600     15.650     15.700     15.750     15.800     15.850     15.900     15.950
    sza =      10.325     10.299     10.316     10.377     10.479     10.623     10.807     11.028     11.284     11.574     11.894     12.242     12.616     13.013     13.433     13.871     14.327     14.800     15.287     15.786     16.299     16.821     17.354     17.896     18.446     19.003     19.566     20.137     20.712     21.293     21.879     22.469     23.063     23.661     24.262     24.866     25.473     26.083     26.695     27.309     27.925     28.544     29.164     29.786     30.409     31.034     31.660     32.287     32.915     33.544     34.175     34.806     35.438     36.070     36.704     37.337     37.972     38.607     39.242     39.878     40.514     41.150     41.787     42.424     43.061     43.698     44.335     44.973     45.610     46.248     46.885     47.522     48.160     48.797     49.434     50.071     50.708     51.344     51.981     52.616
  332.0000  6.783E-01  6.784E-01  6.783E-01  6.782E-01  6.779E-01  6.774E-01  6.769E-01  6.762E-01  6.754E-01  6.745E-01  6.735E-01  6.723E-01  6.710E-01  6.696E-01  6.681E-01  6.664E-01  6.646E-01  6.627E-01  6.607E-01  6.586E-01  6.563E-01  6.539E-01  6.514E-01  6.488E-01  6.461E-01  6.432E-01  6.403E-01  6.372E-01  6.340E-01  6.307E-01  6.273E-01  6.237E-01  6.201E-01  6.163E-01  6.125E-01  6.085E-01  6.044E-01  6.002E-01  5.960E-01  5.916E-01  5.871E-01  5.825E-01  5.778E-01  5.730E-01  5.681E-01  5.631E-01  5.581E-01  5.529E-01  5.476E-01  5.423E-01  5.368E-01  5.313E-01  5.257E-01  5.200E-01  5.142E-01  5.084E-01  5.025E-01  4.964E-01  4.904E-01  4.842E-01  4.780E-01  4.717E-01  4.653E-01  4.589E-01  4.524E-01  4.458E-01  4.392E-01  4.326E-01  4.258E-01  4.191E-01  4.123E-01  4.054E-01  3.985E-01  3.915E-01  3.845E-01  3.775E-01  3.704E-01  3.634E-01  3.562E-01  3.491E-01
  368.0000  8.530E-01  8.531E-01  8.531E-01  8.529E-01  8.525E-01  8.520E-01  8.514E-01  8.506E-01  8.497E-01  8.486E-01  8.474E-01  8.461E-01  8.446E-01  8.429E-01  8.412E-01  8.392E-01  8.372E-01  8.350E-01  8.326E-01  8.302E-01  8.275E-01  8.248E-01  8.219E-01  8.188E-01  8.157E-01  8.124E-01  8.089E-01  8.053E-01  8.016E-01  7.978E-01  7.938E-01  7.897E-01  7.854E-01  7.811E-01  7.766E-01  7.719E-01  7.672E-01  7.623E-01  7.573E-01  7.522E-01  7.469E-01  7.415E-01  7.361E-01  7.304E-01  7.247E-01  7.189E-01  7.129E-01  7.069E-01  7.007E-01  6.944E-01  6.880E-01  6.815E-01  6.749E-01  6.681E-01  6.613E-01  6.544E-01  6.474E-01  6.402E-01  6.330E-01  6.257E-01  6.183E-01  6.108E-01  6.033E-01  5.956E-01  5.878E-01  5.800E-01  5.721E-01  5.641E-01  5.560E-01  5.479E-01  5.397E-01  5.314E-01  5.230E-01  5.146E-01  5.062E-01  4.976E-01  4.890E-01  4.804E-01  4.717E-01  4.629E-01
------------------------------------------------------------
Spectral Irradiance, W m-2 nm-1
values at z =      1.186 km
Columns: wavelength (nm), times (hrs.) or sza (deg.)
    wc, nm     16.000     16.050     16.100     16.150     16.200     16.250     16.300     16.350     16.400     16.450     16.500     16.550     16.600     16.650     16.700     16.750     16.800     16.850     16.900     16.950     17.000     17.050     17.100     17.150     17.200     17.250     17.300     17.350     17.400     17.450     17.500     17.550     17.600     17.650     17.700     17.750     17.800     17.850     17.900     17.950     18.000     18.050     18.100     18.150     18.200     18.250     18.300     18.350     18.400     18.450     18.500     18.550     18.600     18.650     18.700     18.750     18.800     18.850     18.900     18.950     19.000     19.050     19.100     19.150     19.200     19.250     19.300     19.350     19.400     19.450     19.500     19.550     19.600     19.650     19.700     19.750     19.800     19.850     19.900     19.950
    sza =      53.252     53.888     54.523     55.158     55.792     56.426     57.060     57.693     58.326     58.958     59.590     60.221     60.851     61.482     62.111     62.740     63.368     63.996     64.623     65.249     65.875     66.499     67.124     67.747     68.369     68.991     69.612     70.232     70.851     71.469     72.086     72.702     73.317     73.931     74.545     75.157     75.768     76.378     76.986     77.594     78.200     78.805     79.409     80.012     80.613     81.213     81.812     82.409     83.005     83.599     84.192     84.783     85.373     85.960     86.547     87.132     87.715     88.296     88.876     89.453     90.029     90.603     91.175     91.745     92.313     92.879     93.443     94.005     94.564     95.121     95.676     96.229     96.779     97.327     97.872     98.415     98.954     99.492    100.026    100.558
  332.0000  3.419E-01  3.347E-01  3.275E-01  3.203E-01  3.131E-01  3.058E-01  2.986E-01  2.914E-01  2.841E-01  2.769E-01  2.697E-01  2.625E-01  2.553E-01  2.481E-01  2.410E-01  2.339E-01  2.268E-01  2.197E-01  2.127E-01  2.058E-01  1.989E-01  1.920E-01  1.852E-01  1.785E-01  1.718E-01  1.652E-01  1.587E-01  1.522E-01  1.459E-01  1.396E-01  1.334E-01  1.273E-01  1.214E-01  1.155E-01  1.097E-01  1.040E-01  9.848E-02  9.305E-02  8.773E-02  8.253E-02  7.746E-02  7.250E-02  6.768E-02  6.296E-02  5.838E-02  5.391E-02  4.956E-02  4.532E-02  4.120E-02  3.719E-02  3.329E-02  2.949E-02  2.579E-02  2.220E-02  1.871E-02  1.532E-02  1.203E-02  8.844E-03  5.754E-03  2.774E-03  1.415E-28  7.172E-33  0.000E+00  0.000E+00  0.000E+00  0.000E+00  0.000E+00  0.000E+00  0.000E+00  0.000E+00  0.000E+00  0.000E+00  0.000E+00  0.000E+00  0.000E+00  0.000E+00  0.000E+00  0.000E+00  0.000E+00  0.000E+00
  368.0000  4.541E-01  4.453E-01  4.364E-01  4.275E-01  4.186E-01  4.096E-01  4.006E-01  3.916E-01  3.825E-01  3.734E-01  3.644E-01  3.553E-01  3.462E-01  3.371E-01  3.280E-01  3.189E-01  3.098E-01  3.007E-01  2.917E-01  2.827E-01  2.737E-01  2.647E-01  2.558E-01  2.469E-01  2.381E-01  2.293E-01  2.206E-01  2.119E-01  2.033E-01  1.948E-01  1.864E-01  1.781E-01  1.698E-01  1.617E-01  1.537E-01  1.458E-01  1.381E-01  1.304E-01  1.230E-01  1.156E-01  1.084E-01  1.014E-01  9.454E-02  8.785E-02  8.134E-02  7.500E-02  6.885E-02  6.288E-02  5.708E-02  5.146E-02  4.602E-02  4.074E-02  3.562E-02  3.066E-02  2.583E-02  2.116E-02  1.661E-02  1.221E-02  7.948E-03  3.832E-03  3.904E-20  3.639E-23  0.000E+00  0.000E+00  0.000E+00  0.000E+00  0.000E+00  0.000E+00  0.000E+00  0.000E+00  0.000E+00  0.000E+00  0.000E+00  0.000E+00  0.000E+00  0.000E+00  0.000E+00  0.000E+00  0.000E+00  0.000E+00
------------------------------------------------------------
Spectral Irradiance, W m-2 nm-1
values at z =      1.186 km
Columns: wavelength (nm), times (hrs.) or sza (deg.)
    wc, nm     20.000     20.050     20.100     20.150     20.200     20.250     20.300     20.350     20.400     20.450     20.500     20.550     20.600     20.650     20.700     20.750     20.800     20.850     20.900     20.950     21.000     21.050     21.100     21.150     21.200     21.250     21.300     21.350     21.400     21.450     21.500     21.550     21.600     21.650     21.700     21.750     21.800     21.850     21.900     21.950     22.000     22.050     22.100     22.150     22.200     22.250     22.300     22.350     22.400     22.450     22.500     22.550     22.600     22.650     22.700     22.750     22.800     22.850     22.900     22.950     23.000     23.050     23.100     23.150     23.200     23.250     23.300     23.350     23.400     23.450     23.500     23.550     23.600     23.650     23.700     23.750     23.800     23.850     23.900     23.950
    sza =     101.087    101.613    102.136    102.656    103.174    103.687    104.198    104.705    105.209    105.709    106.207    106.700    107.190    107.676    108.158    108.636    109.110    109.581    110.046    110.509    110.966    111.419    111.868    112.312    112.751    113.186    113.615    114.040    114.460    114.875    115.284    115.687    116.086    116.478    116.866    117.247    117.623    117.992    118.355    118.712    119.063    119.407    119.745    120.076    120.400    120.717    121.027    121.331    121.626    121.915    122.196    122.470    122.735    122.994    123.243    123.486    123.719    123.946    124.163    124.372    124.572    124.764    124.947    125.121    125.287    125.444    125.592    125.730    125.859    125.979    126.090    126.191    126.284    126.366    126.439    126.502    126.556    126.600    126.635    126.660
  332.0000  0.000E+00  0.000E+00  0.000E+00  0.000E+00  0.000E+00  0.000E+00  0.000E+00  0.000E+00  0.000E+00  0.000E+00  0.000E+00  0.000E+00  0.000E+00  0.000E+00  0.000E+00  0.000E+00  0.000E+00  0.000E+00  0.000E+00  0.000E+00  0.000E+00  0.000E+00  0.000E+00  0.000E+00  0.000E+00  0.000E+00  0.000E+00  0.000E+00  0.000E+00  0.000E+00  0.000E+00  0.000E+00  0.000E+00  0.000E+00  0.000E+00  0.000E+00  0.000E+00  0.000E+00  0.000E+00  0.000E+00  0.000E+00  0.000E+00  0.000E+00  0.000E+00  0.000E+00  0.000E+00  0.000E+00  0.000E+00  0.000E+00  0.000E+00  0.000E+00  0.000E+00  0.000E+00  0.000E+00  0.000E+00  0.000E+00  0.000E+00  0.000E+00  0.000E+00  0.000E+00  0.000E+00  0.000E+00  0.000E+00  0.000E+00  0.000E+00  0.000E+00  0.000E+00  0.000E+00  0.000E+00  0.000E+00  0.000E+00  0.000E+00  0.000E+00  0.000E+00  0.000E+00  0.000E+00  0.000E+00  0.000E+00  0.000E+00  0.000E+00
  368.0000  0.000E+00  0.000E+00  0.000E+00  0.000E+00  0.000E+00  0.000E+00  0.000E+00  0.000E+00  0.000E+00  0.000E+00  0.000E+00  0.000E+00  0.000E+00  0.000E+00  0.000E+00  0.000E+00  0.000E+00  0.000E+00  0.000E+00  0.000E+00  0.000E+00  0.000E+00  0.000E+00  0.000E+00  0.000E+00  0.000E+00  0.000E+00  0.000E+00  0.000E+00  0.000E+00  0.000E+00  0.000E+00  0.000E+00  0.000E+00  0.000E+00  0.000E+00  0.000E+00  0.000E+00  0.000E+00  0.000E+00  0.000E+00  0.000E+00  0.000E+00  0.000E+00  0.000E+00  0.000E+00  0.000E+00  0.000E+00  0.000E+00  0.000E+00  0.000E+00  0.000E+00  0.000E+00  0.000E+00  0.000E+00  0.000E+00  0.000E+00  0.000E+00  0.000E+00  0.000E+00  0.000E+00  0.000E+00  0.000E+00  0.000E+00  0.000E+00  0.000E+00  0.000E+00  0.000E+00  0.000E+00  0.000E+00  0.000E+00  0.000E+00  0.000E+00  0.000E+00  0.000E+00  0.000E+00  0.000E+00  0.000E+00  0.000E+00  0.000E+00
------------------------------------------------------------
Spectral Irradiance, W m-2 nm-1
values at z =      1.186 km
Columns: wavelength (nm), times (hrs.) or sza (deg.)
    wc, nm      0.000      0.050      0.100      0.150      0.200      0.250      0.300      0.350      0.400      0.450      0.500      0.550      0.600      0.650      0.700      0.750      0.800      0.850      0.900      0.950      1.000      1.050      1.100      1.150      1.200      1.250      1.300      1.350      1.400      1.450      1.500      1.550      1.600      1.650      1.700      1.750      1.800      1.850      1.900      1.950      2.000      2.050      2.100      2.150      2.200      2.250      2.300      2.350      2.400      2.450      2.500      2.550      2.600      2.650      2.700      2.750      2.800      2.850      2.900      2.950      3.000      3.050      3.100      3.150      3.200      3.250      3.300      3.350      3.400      3.450      3.500      3.550      3.600      3.650      3.700      3.750      3.800      3.850      3.900      3.950
    sza =     126.675    126.681    126.677    126.663    126.640    126.607    126.564    126.512    126.450    126.379    126.298    126.207    126.107    125.998    125.880    125.752    125.615    125.469    125.314    125.149    124.977    124.795    124.605    124.405    124.198    123.982    123.757    123.525    123.284    123.035    122.778    122.514    122.241    121.962    121.674    121.380    121.078    120.769    120.453    120.130    119.800    119.463    119.120    118.770    118.414    118.052    117.684    117.309    116.929    116.543    116.151    115.754    115.351    114.942    114.529    114.110    113.686    113.257    112.823    112.385    111.941    111.494    111.041    110.585    110.123    109.658    109.188    108.715    108.237    107.756    107.270    106.781    106.289    105.792    105.292    104.789    104.282    103.772    103.259    102.743
  332.0000  0.000E+00  0.000E+00  0.000E+00  0.000E+00  0.000E+00  0.000E+00  0.000E+00  0.000E+00  0.000E+00  0.000E+00  0.000E+00  0.000E+00  0.000E+00  0.000E+00  0.000E+00  0.000E+00  0.000E+00  0.000E+00  0.000E+00  0.000E+00  0.000E+00  0.000E+00  0.000E+00  0.000E+00  0.000E+00  0.000E+00  0.000E+00  0.000E+00  0.000E+00  0.000E+00  0.000E+00  0.000E+00  0.000E+00  0.000E+00  0.000E+00  0.000E+00  0.000E+00  0.000E+00  0.000E+00  0.000E+00  0.000E+00  0.000E+00  0.000E+00  0.000E+00  0.000E+00  0.000E+00  0.000E+00  0.000E+00  0.000E+00  0.000E+00  0.000E+00  0.000E+00  0.000E+00  0.000E+00  0.000E+00  0.000E+00  0.000E+00  0.000E+00  0.000E+00  0.000E+00  0.000E+00  0.000E+00  0.000E+00  0.000E+00  0.000E+00  0.000E+00  0.000E+00  0.000E+00  0.000E+00  0.000E+00  0.000E+00  0.000E+00  0.000E+00  0.000E+00  0.000E+00  0.000E+00  0.000E+00  0.000E+00  0.000E+00  0.000E+00
  368.0000  0.000E+00  0.000E+00  0.000E+00  0.000E+00  0.000E+00  0.000E+00  0.000E+00  0.000E+00  0.000E+00  0.000E+00  0.000E+00  0.000E+00  0.000E+00  0.000E+00  0.000E+00  0.000E+00  0.000E+00  0.000E+00  0.000E+00  0.000E+00  0.000E+00  0.000E+00  0.000E+00  0.000E+00  0.000E+00  0.000E+00  0.000E+00  0.000E+00  0.000E+00  0.000E+00  0.000E+00  0.000E+00  0.000E+00  0.000E+00  0.000E+00  0.000E+00  0.000E+00  0.000E+00  0.000E+00  0.000E+00  0.000E+00  0.000E+00  0.000E+00  0.000E+00  0.000E+00  0.000E+00  0.000E+00  0.000E+00  0.000E+00  0.000E+00  0.000E+00  0.000E+00  0.000E+00  0.000E+00  0.000E+00  0.000E+00  0.000E+00  0.000E+00  0.000E+00  0.000E+00  0.000E+00  0.000E+00  0.000E+00  0.000E+00  0.000E+00  0.000E+00  0.000E+00  0.000E+00  0.000E+00  0.000E+00  0.000E+00  0.000E+00  0.000E+00  0.000E+00  0.000E+00  0.000E+00  0.000E+00  0.000E+00  0.000E+00  0.000E+00
------------------------------------------------------------
Spectral Irradiance, W m-2 nm-1
values at z =      1.186 km
Columns: wavelength (nm), times (hrs.) or sza (deg.)
    wc, nm      4.000      4.050      4.100      4.150      4.200      4.250      4.300      4.350      4.400      4.450      4.500      4.550      4.600      4.650      4.700      4.750      4.800      4.850      4.900      4.950      5.000      5.050      5.100      5.150      5.200      5.250      5.300      5.350      5.400      5.450      5.500      5.550      5.600      5.650      5.700      5.750      5.800      5.850      5.900      5.950      6.000      6.050      6.100      6.150      6.200      6.250      6.300      6.350      6.400      6.450      6.500      6.550      6.600      6.650      6.700      6.750      6.800      6.850      6.900      6.950      7.000      7.050      7.100      7.150      7.200      7.250      7.300      7.350      7.400      7.450      7.500      7.550      7.600      7.650      7.700      7.750      7.800      7.850      7.900      7.950
    sza =     102.223    101.700    101.175    100.646    100.115     99.581     99.044     98.505     97.962     97.418     96.870     96.321     95.768     95.214     94.657     94.098     93.537     92.973     92.408     91.840     91.270     90.699     90.125     89.550     88.972     88.393     87.812     87.229     86.645     86.059     85.471     84.881     84.291     83.698     83.104     82.509     81.912     81.313     80.714     80.113     79.510     78.907     78.302     77.695     77.088     76.480     75.870     75.259     74.647     74.034     73.420     72.805     72.189     71.572     70.954     70.335     69.715     69.095     68.473     67.851     67.228     66.604     65.979     65.353     64.727     64.100     63.473     62.845     62.216     61.586     60.956     60.326     59.694     59.063     58.430     57.798     57.164     56.531     55.897     55.262
  332.0000  0.000E+00  0.000E+00  0.000E+00  0.000E+00  0.000E+00  0.000E+00  0.000E+00  0.000E+00  0.000E+00  0.000E+00  0.000E+00  0.000E+00  0.000E+00  0.000E+00  0.000E+00  0.000E+00  0.000E+00  0.000E+00  0.000E+00  0.000E+00  0.000E+00  2.101E-38  4.872E-33  2.233E-03  5.123E-03  8.121E-03  1.122E-02  1.441E-02  1.770E-02  2.109E-02  2.458E-02  2.817E-02  3.185E-02  3.564E-02  3.953E-02  4.352E-02  4.762E-02  5.183E-02  5.614E-02  6.056E-02  6.509E-02  6.974E-02  7.450E-02  7.937E-02  8.436E-02  8.946E-02  9.467E-02  9.999E-02  1.054E-01  1.110E-01  1.166E-01  1.223E-01  1.282E-01  1.341E-01  1.402E-01  1.463E-01  1.525E-01  1.588E-01  1.651E-01  1.716E-01  1.781E-01  1.847E-01  1.913E-01  1.980E-01  2.047E-01  2.115E-01  2.184E-01  2.253E-01  2.322E-01  2.391E-01  2.461E-01  2.532E-01  2.602E-01  2.672E-01  2.743E-01  2.814E-01  2.885E-01  2.956E-01  3.027E-01  3.098E-01
  368.0000  0.000E+00  0.000E+00  0.000E+00  0.000E+00  0.000E+00  0.000E+00  0.000E+00  0.000E+00  0.000E+00  0.000E+00  0.000E+00  0.000E+00  0.000E+00  0.000E+00  0.000E+00  0.000E+00  0.000E+00  0.000E+00  0.000E+00  0.000E+00  0.000E+00  7.732E-28  7.192E-24  3.076E-03  7.055E-03  1.118E-02  1.544E-02  1.984E-02  2.436E-02  2.903E-02  3.383E-02  3.876E-02  4.384E-02  4.907E-02  5.445E-02  5.999E-02  6.569E-02  7.155E-02  7.757E-02  8.376E-02  9.011E-02  9.662E-02  1.033E-01  1.101E-01  1.171E-01  1.242E-01  1.315E-01  1.389E-01  1.464E-01  1.541E-01  1.619E-01  1.698E-01  1.778E-01  1.859E-01  1.941E-01  2.023E-01  2.107E-01  2.191E-01  2.277E-01  2.362E-01  2.449E-01  2.536E-01  2.623E-01  2.711E-01  2.799E-01  2.887E-01  2.976E-01  3.065E-01  3.154E-01  3.244E-01  3.333E-01  3.423E-01  3.512E-01  3.602E-01  3.691E-01  3.781E-01  3.870E-01  3.959E-01  4.048E-01  4.136E-01
------------------------------------------------------------
Spectral Irradiance, W m-2 nm-1
values at z =      1.186 km
Columns: wavelength (nm), times (hrs.) or sza (deg.)
    wc, nm      8.000      8.050      8.100      8.150      8.200      8.250      8.300      8.350      8.400      8.450      8.500      8.550      8.600      8.650      8.700      8.750      8.800      8.850      8.900      8.950      9.000      9.050      9.100      9.150      9.200      9.250      9.300      9.350      9.400      9.450      9.500      9.550      9.600      9.650      9.700      9.750      9.800      9.850      9.900      9.950     10.000     10.050     10.100     10.150     10.200     10.250     10.300     10.350     10.400     10.450     10.500     10.550     10.600     10.650     10.700     10.750     10.800     10.850     10.900     10.950     11.000     11.050     11.100     11.150     11.200     11.250     11.300     11.350     11.400     11.450     11.500     11.550     11.600     11.650     11.700     11.750     11.800     11.850     11.900     11.950
    sza =      54.627     53.992     53.357     52.721     52.085     51.448     50.811     50.175     49.538     48.900     48.263     47.625     46.988     46.350     45.712     45.075     44.437     43.799     43.162     42.524     41.887     41.250     40.613     39.977     39.341     38.705     38.069     37.434     36.800     36.166     35.533     34.900     34.268     33.637     33.007     32.378     31.750     31.122     30.497     29.872     29.249     28.628     28.008     27.390     26.774     26.161     25.549     24.940     24.334     23.731     23.131     22.535     21.942     21.354     20.770     20.191     19.617     19.050     18.489     17.935     17.389     16.851     16.323     15.805     15.300     14.806     14.327     13.863     13.417     12.989     12.583     12.199     11.841     11.510     11.210     10.941     10.708     10.513     10.356     10.242
  332.0000  3.169E-01  3.240E-01  3.311E-01  3.381E-01  3.452E-01  3.522E-01  3.592E-01  3.662E-01  3.731E-01  3.800E-01  3.869E-01  3.937E-01  4.005E-01  4.073E-01  4.140E-01  4.207E-01  4.273E-01  4.339E-01  4.404E-01  4.468E-01  4.532E-01  4.595E-01  4.658E-01  4.720E-01  4.781E-01  4.842E-01  4.902E-01  4.961E-01  5.020E-01  5.077E-01  5.134E-01  5.190E-01  5.245E-01  5.300E-01  5.353E-01  5.406E-01  5.458E-01  5.508E-01  5.558E-01  5.607E-01  5.655E-01  5.702E-01  5.748E-01  5.793E-01  5.838E-01  5.881E-01  5.923E-01  5.964E-01  6.003E-01  6.042E-01  6.080E-01  6.117E-01  6.152E-01  6.187E-01  6.220E-01  6.252E-01  6.283E-01  6.313E-01  6.342E-01  6.370E-01  6.396E-01  6.421E-01  6.446E-01  6.468E-01  6.490E-01  6.511E-01  6.530E-01  6.548E-01  6.565E-01  6.581E-01  6.595E-01  6.608E-01  6.620E-01  6.631E-01  6.641E-01  6.649E-01  6.656E-01  6.662E-01  6.666E-01  6.669E-01
  368.0000  4.225E-01  4.313E-01  4.401E-01  4.488E-01  4.575E-01  4.661E-01  4.747E-01  4.833E-01  4.918E-01  5.003E-01  5.087E-01  5.170E-01  5.253E-01  5.335E-01  5.416E-01  5.497E-01  5.577E-01  5.656E-01  5.734E-01  5.812E-01  5.889E-01  5.965E-01  6.040E-01  6.114E-01  6.188E-01  6.260E-01  6.331E-01  6.402E-01  6.472E-01  6.540E-01  6.608E-01  6.674E-01  6.740E-01  6.804E-01  6.868E-01  6.930E-01  6.991E-01  7.051E-01  7.110E-01  7.168E-01  7.225E-01  7.280E-01  7.334E-01  7.387E-01  7.439E-01  7.490E-01  7.539E-01  7.587E-01  7.634E-01  7.680E-01  7.724E-01  7.767E-01  7.808E-01  7.849E-01  7.888E-01  7.926E-01  7.962E-01  7.997E-01  8.030E-01  8.063E-01  8.094E-01  8.123E-01  8.151E-01  8.178E-01  8.203E-01  8.227E-01  8.250E-01  8.271E-01  8.291E-01  8.309E-01  8.326E-01  8.341E-01  8.355E-01  8.368E-01  8.379E-01  8.388E-01  8.396E-01  8.403E-01  8.408E-01  8.412E-01
------------------------------------------------------------
Spectral Irradiance, W m-2 nm-1
values at z =      1.186 km
Columns: wavelength (nm), times (hrs.) or sza (deg.)
    wc, nm     12.000     12.050     12.100     12.150     12.200     12.250     12.300     12.350     12.400     12.450     12.500     12.550     12.600     12.650     12.700     12.750     12.800     12.850     12.900     12.950     13.000     13.050     13.100     13.150     13.200     13.250     13.300     13.350     13.400     13.450     13.500     13.550     13.600     13.650     13.700     13.750     13.800     13.850     13.900     13.950     14.000     14.050     14.100     14.150     14.200     14.250     14.300     14.350     14.400     14.450     14.500     14.550     14.600     14.650     14.700     14.750     14.800     14.850     14.900     14.950     15.000     15.050     15.100     15.150     15.200     15.250     15.300     15.350     15.400     15.450     15.500     15.550     15.600     15.650     15.700     15.750     15.800     15.850     15.900     15.950
    sza =      10.170     10.142     10.157     10.217     10.319     10.464     10.648     10.870     11.128     11.420     11.742     12.092     12.469     12.869     13.291     13.732     14.191     14.665     15.155     15.657     16.172     16.696     17.231     17.775     18.327     18.885     19.451     20.023     20.600     21.183     21.769     22.361     22.956     23.555     24.157     24.762     25.370     25.981     26.594     27.209     27.826     28.445     29.066     29.688     30.312     30.937     31.564     32.192     32.821     33.450     34.081     34.712     35.345     35.977     36.611     37.245     37.880     38.515     39.150     39.786     40.422     41.059     41.696     42.333     42.970     43.607     44.244     44.882     45.519     46.157     46.794     47.431     48.069     48.706     49.343     49.980     50.616     51.253     51.889     52.525
  332.0000  6.671E-01  6.672E-01  6.672E-01  6.670E-01  6.667E-01  6.663E-01  6.658E-01  6.651E-01  6.643E-01  6.634E-01  6.623E-01  6.612E-01  6.599E-01  6.585E-01  6.570E-01  6.553E-01  6.535E-01  6.516E-01  6.496E-01  6.475E-01  6.452E-01  6.428E-01  6.403E-01  6.377E-01  6.350E-01  6.322E-01  6.292E-01  6.261E-01  6.229E-01  6.196E-01  6.162E-01  6.127E-01  6.091E-01  6.053E-01  6.015E-01  5.975E-01  5.934E-01  5.893E-01  5.850E-01  5.806E-01  5.761E-01  5.716E-01  5.669E-01  5.621E-01  5.573E-01  5.523E-01  5.472E-01  5.421E-01  5.369E-01  5.315E-01  5.261E-01  5.206E-01  5.150E-01  5.094E-01  5.036E-01  4.978E-01  4.919E-01  4.860E-01  4.799E-01  4.738E-01  4.676E-01  4.614E-01  4.551E-01  4.487E-01  4.423E-01  4.358E-01  4.292E-01  4.226E-01  4.160E-01  4.093E-01  4.026E-01  3.958E-01  3.889E-01  3.821E-01  3.752E-01  3.683E-01  3.613E-01  3.543E-01  3.473E-01  3.403E-01
  368.0000  8.415E-01  8.416E-01  8.415E-01  8.413E-01  8.410E-01  8.405E-01  8.398E-01  8.391E-01  8.381E-01  8.371E-01  8.359E-01  8.345E-01  8.330E-01  8.314E-01  8.296E-01  8.277E-01  8.256E-01  8.234E-01  8.210E-01  8.185E-01  8.159E-01  8.131E-01  8.102E-01  8.072E-01  8.040E-01  8.007E-01  7.972E-01  7.936E-01  7.899E-01  7.860E-01  7.820E-01  7.779E-01  7.736E-01  7.692E-01  7.647E-01  7.601E-01  7.553E-01  7.504E-01  7.454E-01  7.402E-01  7.350E-01  7.296E-01  7.241E-01  7.184E-01  7.127E-01  7.068E-01  7.009E-01  6.948E-01  6.886E-01  6.823E-01  6.759E-01  6.694E-01  6.627E-01  6.560E-01  6.492E-01  6.422E-01  6.352E-01  6.281E-01  6.209E-01  6.136E-01  6.062E-01  5.987E-01  5.911E-01  5.835E-01  5.757E-01  5.679E-01  5.600E-01  5.520E-01  5.440E-01  5.359E-01  5.277E-01  5.195E-01  5.111E-01  5.028E-01  4.943E-01  4.859E-01  4.773E-01  4.687E-01  4.601E-01  4.514E-01
------------------------------------------------------------
Spectral Irradiance, W m-2 nm-1
values at z =      1.186 km
Columns: wavelength (nm), times (hrs.) or sza (deg.)
    wc, nm     16.000     16.050     16.100     16.150     16.200     16.250     16.300     16.350     16.400     16.450     16.500     16.550     16.600     16.650     16.700     16.750     16.800     16.850     16.900     16.950     17.000     17.050     17.100     17.150     17.200     17.250     17.300     17.350     17.400     17.450     17.500     17.550     17.600     17.650     17.700     17.750     17.800     17.850     17.900     17.950     18.000     18.050     18.100     18.150     18.200     18.250     18.300     18.350     18.400     18.450     18.500     18.550     18.600     18.650     18.700     18.750     18.800     18.850     18.900     18.950     19.000     19.050     19.100     19.150     19.200     19.250     19.300     19.350     19.400     19.450     19.500     19.550     19.600     19.650     19.700     19.750     19.800     19.850     19.900     19.950
    sza =      53.161     53.796     54.431     55.066     55.700     56.334     56.967     57.600     58.232     58.865     59.496     60.127     60.757     61.387     62.017     62.645     63.273     63.901     64.527     65.153     65.779     66.403     67.027     67.650     68.272     68.893     69.514     70.133     70.752     71.370     71.987     72.602     73.217     73.831     74.444     75.055     75.666     76.275     76.884     77.491     78.097     78.702     79.305     79.907     80.508     81.108     81.706     82.302     82.897     83.492     84.084     84.674     85.264     85.851     86.437     87.021     87.604     88.185     88.764     89.341     89.916     90.490     91.061     91.631     92.198     92.763     93.327     93.888     94.447     95.003     95.558     96.110     96.659     97.206     97.751     98.293     98.832     99.369     99.903    100.435
  332.0000  3.332E-01  3.261E-01  3.191E-01  3.120E-01  3.049E-01  2.978E-01  2.907E-01  2.836E-01  2.765E-01  2.694E-01  2.624E-01  2.553E-01  2.483E-01  2.413E-01  2.344E-01  2.274E-01  2.205E-01  2.137E-01  2.069E-01  2.001E-01  1.934E-01  1.868E-01  1.802E-01  1.736E-01  1.672E-01  1.608E-01  1.545E-01  1.483E-01  1.421E-01  1.361E-01  1.301E-01  1.242E-01  1.185E-01  1.128E-01  1.072E-01  1.018E-01  9.642E-02  9.118E-02  8.605E-02  8.103E-02  7.612E-02  7.133E-02  6.665E-02  6.208E-02  5.763E-02  5.328E-02  4.905E-02  4.492E-02  4.090E-02  3.698E-02  3.316E-02  2.945E-02  2.583E-02  2.231E-02  1.889E-02  1.557E-02  1.234E-02  9.219E-03  6.190E-03  3.265E-03  5.197E-04  1.799E-36  0.000E+00  0.000E+00  0.000E+00  0.000E+00  0.000E+00  0.000E+00  0.000E+00  0.000E+00  0.000E+00  0.000E+00  0.000E+00  0.000E+00  0.000E+00  0.000E+00  0.000E+00  0.000E+00  0.000E+00  0.000E+00
  368.0000  4.427E-01  4.340E-01  4.252E-01  4.163E-01  4.075E-01  3.986E-01  3.897E-01  3.808E-01  3.719E-01  3.629E-01  3.540E-01  3.450E-01  3.361E-01  3.272E-01  3.182E-01  3.093E-01  3.004E-01  2.915E-01  2.827E-01  2.738E-01  2.651E-01  2.563E-01  2.476E-01  2.390E-01  2.304E-01  2.219E-01  2.134E-01  2.050E-01  1.967E-01  1.885E-01  1.804E-01  1.724E-01  1.645E-01  1.566E-01  1.489E-01  1.414E-01  1.339E-01  1.266E-01  1.195E-01  1.124E-01  1.056E-01  9.885E-02  9.229E-02  8.589E-02  7.966E-02  7.358E-02  6.768E-02  6.193E-02  5.635E-02  5.092E-02  4.565E-02  4.052E-02  3.554E-02  3.070E-02  2.600E-02  2.143E-02  1.699E-02  1.269E-02  8.525E-03  4.497E-03  7.158E-04  2.104E-26  0.000E+00  0.000E+00  0.000E+00  0.000E+00  0.000E+00  0.000E+00  0.000E+00  0.000E+00  0.000E+00  0.000E+00  0.000E+00  0.000E+00  0.000E+00  0.000E+00  0.000E+00  0.000E+00  0.000E+00  0.000E+00
------------------------------------------------------------
Spectral Irradiance, W m-2 nm-1
values at z =      1.186 km
Columns: wavelength (nm), times (hrs.) or sza (deg.)
    wc, nm     20.000     20.050     20.100     20.150     20.200     20.250     20.300     20.350     20.400     20.450     20.500     20.550     20.600     20.650     20.700     20.750     20.800     20.850     20.900     20.950     21.000     21.050     21.100     21.150     21.200     21.250     21.300     21.350     21.400     21.450     21.500     21.550     21.600     21.650     21.700     21.750     21.800     21.850     21.900     21.950     22.000     22.050     22.100     22.150     22.200     22.250     22.300     22.350     22.400     22.450     22.500     22.550     22.600     22.650     22.700     22.750     22.800     22.850     22.900     22.950     23.000     23.050     23.100     23.150     23.200     23.250     23.300     23.350     23.400     23.450     23.500     23.550     23.600     23.650     23.700     23.750     23.800     23.850     23.900     23.950
    sza =     100.963    101.488    102.011    102.530    103.047    103.559    104.070    104.576    105.080    105.579    106.076    106.568    107.058    107.543    108.025    108.502    108.975    109.445    109.910    110.372    110.829    111.281    111.729    112.173    112.611    113.045    113.474    113.899    114.317    114.732    115.140    115.543    115.941    116.333    116.720    117.100    117.475    117.844    118.207    118.563    118.914    119.257    119.595    119.925    120.249    120.565    120.875    121.178    121.473    121.761    122.042    122.315    122.580    122.838    123.088    123.330    123.563    123.789    124.006    124.215    124.415    124.607    124.790    124.964    125.130    125.286    125.434    125.572    125.702    125.822    125.933    126.034    126.127    126.209    126.283    126.346    126.400    126.445    126.479    126.505
  332.0000  0.000E+00  0.000E+00  0.000E+00  0.000E+00  0.000E+00  0.000E+00  0.000E+00  0.000E+00  0.000E+00  0.000E+00  0.000E+00  0.000E+00  0.000E+00  0.000E+00  0.000E+00  0.000E+00  0.000E+00  0.000E+00  0.000E+00  0.000E+00  0.000E+00  0.000E+00  0.000E+00  0.000E+00  0.000E+00  0.000E+00  0.000E+00  0.000E+00  0.000E+00  0.000E+00  0.000E+00  0.000E+00  0.000E+00  0.000E+00  0.000E+00  0.000E+00  0.000E+00  0.000E+00  0.000E+00  0.000E+00  0.000E+00  0.000E+00  0.000E+00  0.000E+00  0.000E+00  0.000E+00  0.000E+00  0.000E+00  0.000E+00  0.000E+00  0.000E+00  0.000E+00  0.000E+00  0.000E+00  0.000E+00  0.000E+00  0.000E+00  0.000E+00  0.000E+00  0.000E+00  0.000E+00  0.000E+00  0.000E+00  0.000E+00  0.000E+00  0.000E+00  0.000E+00  0.000E+00  0.000E+00  0.000E+00  0.000E+00  0.000E+00  0.000E+00  0.000E+00  0.000E+00  0.000E+00  0.000E+00  0.000E+00  0.000E+00  0.000E+00
  368.0000  0.000E+00  0.000E+00  0.000E+00  0.000E+00  0.000E+00  0.000E+00  0.000E+00  0.000E+00  0.000E+00  0.000E+00  0.000E+00  0.000E+00  0.000E+00  0.000E+00  0.000E+00  0.000E+00  0.000E+00  0.000E+00  0.000E+00  0.000E+00  0.000E+00  0.000E+00  0.000E+00  0.000E+00  0.000E+00  0.000E+00  0.000E+00  0.000E+00  0.000E+00  0.000E+00  0.000E+00  0.000E+00  0.000E+00  0.000E+00  0.000E+00  0.000E+00  0.000E+00  0.000E+00  0.000E+00  0.000E+00  0.000E+00  0.000E+00  0.000E+00  0.000E+00  0.000E+00  0.000E+00  0.000E+00  0.000E+00  0.000E+00  0.000E+00  0.000E+00  0.000E+00  0.000E+00  0.000E+00  0.000E+00  0.000E+00  0.000E+00  0.000E+00  0.000E+00  0.000E+00  0.000E+00  0.000E+00  0.000E+00  0.000E+00  0.000E+00  0.000E+00  0.000E+00  0.000E+00  0.000E+00  0.000E+00  0.000E+00  0.000E+00  0.000E+00  0.000E+00  0.000E+00  0.000E+00  0.000E+00  0.000E+00  0.000E+00  0.000E+00
------------------------------------------------------------
