Spectral Irradiance, W m-2 nm-1
values at z =      2.073 km
Columns: wavelength (nm), times (hrs.) or sza (deg.)
    wc, nm      0.000      0.050      0.100      0.150      0.200      0.250      0.300      0.350      0.400      0.450      0.500      0.550      0.600      0.650      0.700      0.750      0.800      0.850      0.900      0.950      1.000      1.050      1.100      1.150      1.200      1.250      1.300      1.350      1.400      1.450      1.500      1.550      1.600      1.650      1.700      1.750      1.800      1.850      1.900      1.950      2.000      2.050      2.100      2.150      2.200      2.250      2.300      2.350      2.400      2.450      2.500      2.550      2.600      2.650      2.700      2.750      2.800      2.850      2.900      2.950      3.000      3.050      3.100      3.150      3.200      3.250      3.300      3.350      3.400      3.450      3.500      3.550      3.600      3.650      3.700      3.750      3.800      3.850      3.900      3.950
    sza =     122.062    122.133    122.195    122.249    122.294    122.330    122.358    122.377    122.387    122.388    122.381    122.364    122.340    122.306    122.264    122.213    122.153    122.085    122.008    121.923    121.829    121.726    121.616    121.496    121.369    121.233    121.088    120.936    120.776    120.608    120.431    120.247    120.055    119.855    119.647    119.432    119.210    118.980    118.742    118.498    118.246    117.987    117.721    117.448    117.169    116.883    116.590    116.291    115.985    115.673    115.355    115.030    114.700    114.363    114.021    113.673    113.319    112.959    112.594    112.224    111.848    111.468    111.082    110.691    110.295    109.894    109.488    109.078    108.663    108.244    107.820    107.391    106.959    106.522    106.081    105.636    105.188    104.735    104.278    103.818
  332.0000  0.000E+00  0.000E+00  0.000E+00  0.000E+00  0.000E+00  0.000E+00  0.000E+00  0.000E+00  0.000E+00  0.000E+00  0.000E+00  0.000E+00  0.000E+00  0.000E+00  0.000E+00  0.000E+00  0.000E+00  0.000E+00  0.000E+00  0.000E+00  0.000E+00  0.000E+00  0.000E+00  0.000E+00  0.000E+00  0.000E+00  0.000E+00  0.000E+00  0.000E+00  0.000E+00  0.000E+00  0.000E+00  0.000E+00  0.000E+00  0.000E+00  0.000E+00  0.000E+00  0.000E+00  0.000E+00  0.000E+00  0.000E+00  0.000E+00  0.000E+00  0.000E+00  0.000E+00  0.000E+00  0.000E+00  0.000E+00  0.000E+00  0.000E+00  0.000E+00  0.000E+00  0.000E+00  0.000E+00  0.000E+00  0.000E+00  0.000E+00  0.000E+00  0.000E+00  0.000E+00  0.000E+00  0.000E+00  0.000E+00  0.000E+00  0.000E+00  0.000E+00  0.000E+00  0.000E+00  0.000E+00  0.000E+00  0.000E+00  0.000E+00  0.000E+00  0.000E+00  0.000E+00  0.000E+00  0.000E+00  0.000E+00  0.000E+00  0.000E+00
  368.0000  0.000E+00  0.000E+00  0.000E+00  0.000E+00  0.000E+00  0.000E+00  0.000E+00  0.000E+00  0.000E+00  0.000E+00  0.000E+00  0.000E+00  0.000E+00  0.000E+00  0.000E+00  0.000E+00  0.000E+00  0.000E+00  0.000E+00  0.000E+00  0.000E+00  0.000E+00  0.000E+00  0.000E+00  0.000E+00  0.000E+00  0.000E+00  0.000E+00  0.000E+00  0.000E+00  0.000E+00  0.000E+00  0.000E+00  0.000E+00  0.000E+00  0.000E+00  0.000E+00  0.000E+00  0.000E+00  0.000E+00  0.000E+00  0.000E+00  0.000E+00  0.000E+00  0.000E+00  0.000E+00  0.000E+00  0.000E+00  0.000E+00  0.000E+00  0.000E+00  0.000E+00  0.000E+00  0.000E+00  0.000E+00  0.000E+00  0.000E+00  0.000E+00  0.000E+00  0.000E+00  0.000E+00  0.000E+00  0.000E+00  0.000E+00  0.000E+00  0.000E+00  0.000E+00  0.000E+00  0.000E+00  0.000E+00  0.000E+00  0.000E+00  0.000E+00  0.000E+00  0.000E+00  0.000E+00  0.000E+00  0.000E+00  0.000E+00  0.000E+00
------------------------------------------------------------
Spectral Irradiance, W m-2 nm-1
values at z =      2.073 km
Columns: wavelength (nm), times (hrs.) or sza (deg.)
    wc, nm      4.000      4.050      4.100      4.150      4.200      4.250      4.300      4.350      4.400      4.450      4.500      4.550      4.600      4.650      4.700      4.750      4.800      4.850      4.900      4.950      5.000      5.050      5.100      5.150      5.200      5.250      5.300      5.350      5.400      5.450      5.500      5.550      5.600      5.650      5.700      5.750      5.800      5.850      5.900      5.950      6.000      6.050      6.100      6.150      6.200      6.250      6.300      6.350      6.400      6.450      6.500      6.550      6.600      6.650      6.700      6.750      6.800      6.850      6.900      6.950      7.000      7.050      7.100      7.150      7.200      7.250      7.300      7.350      7.400      7.450      7.500      7.550      7.600      7.650      7.700      7.750      7.800      7.850      7.900      7.950
    sza =     103.354    102.886    102.415    101.940    101.462    100.980    100.496    100.008     99.517     99.023     98.525     98.025     97.522     97.016     96.507     95.996     95.482     94.965     94.446     93.924     93.399     92.873     92.344     91.812     91.278     90.742     90.204     89.664     89.122     88.577     88.031     87.482     86.932     86.379     85.826     85.270     84.712     84.153     83.591     83.029     82.464     81.898     81.331     80.762     80.191     79.620     79.046     78.472     77.896     77.318     76.740     76.160     75.579     74.996     74.413     73.828     73.243     72.656     72.068     71.479     70.890     70.299     69.707     69.115     68.522     67.927     67.332     66.736     66.140     65.542     64.944     64.346     63.746     63.146     62.546     61.945     61.343     60.741     60.138     59.535
  332.0000  0.000E+00  0.000E+00  0.000E+00  0.000E+00  0.000E+00  0.000E+00  0.000E+00  0.000E+00  0.000E+00  0.000E+00  0.000E+00  0.000E+00  0.000E+00  0.000E+00  0.000E+00  0.000E+00  0.000E+00  0.000E+00  0.000E+00  0.000E+00  0.000E+00  0.000E+00  0.000E+00  0.000E+00  0.000E+00  4.686E-35  3.648E-31  1.722E-03  4.480E-03  7.347E-03  1.030E-02  1.336E-02  1.650E-02  1.973E-02  2.306E-02  2.648E-02  2.999E-02  3.359E-02  3.730E-02  4.110E-02  4.499E-02  4.899E-02  5.310E-02  5.730E-02  6.162E-02  6.604E-02  7.057E-02  7.521E-02  7.996E-02  8.482E-02  8.979E-02  9.486E-02  1.000E-01  1.053E-01  1.107E-01  1.162E-01  1.218E-01  1.275E-01  1.333E-01  1.392E-01  1.451E-01  1.511E-01  1.573E-01  1.635E-01  1.697E-01  1.761E-01  1.825E-01  1.889E-01  1.954E-01  2.020E-01  2.086E-01  2.153E-01  2.220E-01  2.287E-01  2.355E-01  2.423E-01  2.492E-01  2.561E-01  2.629E-01  2.698E-01
  368.0000  0.000E+00  0.000E+00  0.000E+00  0.000E+00  0.000E+00  0.000E+00  0.000E+00  0.000E+00  0.000E+00  0.000E+00  0.000E+00  0.000E+00  0.000E+00  0.000E+00  0.000E+00  0.000E+00  0.000E+00  0.000E+00  0.000E+00  0.000E+00  0.000E+00  0.000E+00  0.000E+00  0.000E+00  0.000E+00  2.275E-25  1.424E-22  2.354E-03  6.126E-03  1.004E-02  1.408E-02  1.825E-02  2.254E-02  2.696E-02  3.150E-02  3.617E-02  4.097E-02  4.592E-02  5.100E-02  5.623E-02  6.162E-02  6.715E-02  7.285E-02  7.870E-02  8.471E-02  9.088E-02  9.720E-02  1.037E-01  1.103E-01  1.171E-01  1.240E-01  1.310E-01  1.382E-01  1.455E-01  1.529E-01  1.604E-01  1.681E-01  1.758E-01  1.836E-01  1.915E-01  1.996E-01  2.076E-01  2.158E-01  2.240E-01  2.323E-01  2.407E-01  2.491E-01  2.575E-01  2.660E-01  2.746E-01  2.831E-01  2.917E-01  3.004E-01  3.090E-01  3.177E-01  3.264E-01  3.350E-01  3.437E-01  3.524E-01  3.611E-01
------------------------------------------------------------
Spectral Irradiance, W m-2 nm-1
values at z =      2.073 km
Columns: wavelength (nm), times (hrs.) or sza (deg.)
    wc, nm      8.000      8.050      8.100      8.150      8.200      8.250      8.300      8.350      8.400      8.450      8.500      8.550      8.600      8.650      8.700      8.750      8.800      8.850      8.900      8.950      9.000      9.050      9.100      9.150      9.200      9.250      9.300      9.350      9.400      9.450      9.500      9.550      9.600      9.650      9.700      9.750      9.800      9.850      9.900      9.950     10.000     10.050     10.100     10.150     10.200     10.250     10.300     10.350     10.400     10.450     10.500     10.550     10.600     10.650     10.700     10.750     10.800     10.850     10.900     10.950     11.000     11.050     11.100     11.150     11.200     11.250     11.300     11.350     11.400     11.450     11.500     11.550     11.600     11.650     11.700     11.750     11.800     11.850     11.900     11.950
    sza =      58.931     58.327     57.723     57.118     56.513     55.908     55.302     54.696     54.091     53.484     52.878     52.272     51.666     51.059     50.453     49.846     49.240     48.634     48.028     47.422     46.817     46.211     45.606     45.002     44.398     43.795     43.191     42.589     41.987     41.386     40.786     40.186     39.588     38.990     38.394     37.798     37.204     36.612     36.020     35.430     34.842     34.255     33.671     33.088     32.508     31.929     31.353     30.780     30.209     29.641     29.077     28.515     27.958     27.404     26.854     26.308     25.767     25.231     24.701     24.176     23.657     23.144     22.639     22.141     21.651     21.169     20.697     20.235     19.783     19.343     18.915     18.499     18.098     17.712     17.342     16.988     16.652     16.336     16.040     15.766
  332.0000  2.768E-01  2.837E-01  2.906E-01  2.976E-01  3.045E-01  3.114E-01  3.184E-01  3.253E-01  3.322E-01  3.391E-01  3.460E-01  3.529E-01  3.597E-01  3.665E-01  3.733E-01  3.801E-01  3.868E-01  3.935E-01  4.002E-01  4.068E-01  4.134E-01  4.199E-01  4.264E-01  4.328E-01  4.392E-01  4.455E-01  4.518E-01  4.580E-01  4.641E-01  4.702E-01  4.762E-01  4.822E-01  4.881E-01  4.939E-01  4.997E-01  5.053E-01  5.109E-01  5.165E-01  5.219E-01  5.273E-01  5.326E-01  5.378E-01  5.429E-01  5.479E-01  5.529E-01  5.577E-01  5.625E-01  5.672E-01  5.717E-01  5.762E-01  5.806E-01  5.849E-01  5.891E-01  5.932E-01  5.972E-01  6.011E-01  6.049E-01  6.086E-01  6.122E-01  6.156E-01  6.190E-01  6.223E-01  6.254E-01  6.285E-01  6.314E-01  6.342E-01  6.370E-01  6.396E-01  6.421E-01  6.444E-01  6.467E-01  6.489E-01  6.509E-01  6.528E-01  6.546E-01  6.563E-01  6.579E-01  6.593E-01  6.607E-01  6.619E-01
  368.0000  3.698E-01  3.785E-01  3.871E-01  3.958E-01  4.044E-01  4.130E-01  4.216E-01  4.301E-01  4.386E-01  4.471E-01  4.556E-01  4.640E-01  4.723E-01  4.806E-01  4.889E-01  4.971E-01  5.053E-01  5.134E-01  5.214E-01  5.294E-01  5.373E-01  5.452E-01  5.530E-01  5.607E-01  5.684E-01  5.759E-01  5.834E-01  5.908E-01  5.982E-01  6.054E-01  6.126E-01  6.197E-01  6.267E-01  6.336E-01  6.404E-01  6.471E-01  6.538E-01  6.603E-01  6.667E-01  6.731E-01  6.793E-01  6.854E-01  6.914E-01  6.974E-01  7.032E-01  7.089E-01  7.145E-01  7.199E-01  7.253E-01  7.306E-01  7.357E-01  7.407E-01  7.456E-01  7.504E-01  7.551E-01  7.597E-01  7.641E-01  7.684E-01  7.726E-01  7.766E-01  7.806E-01  7.844E-01  7.880E-01  7.916E-01  7.950E-01  7.983E-01  8.015E-01  8.045E-01  8.074E-01  8.101E-01  8.128E-01  8.153E-01  8.176E-01  8.199E-01  8.220E-01  8.239E-01  8.257E-01  8.274E-01  8.290E-01  8.304E-01
------------------------------------------------------------
Spectral Irradiance, W m-2 nm-1
values at z =      2.073 km
Columns: wavelength (nm), times (hrs.) or sza (deg.)
    wc, nm     12.000     12.050     12.100     12.150     12.200     12.250     12.300     12.350     12.400     12.450     12.500     12.550     12.600     12.650     12.700     12.750     12.800     12.850     12.900     12.950     13.000     13.050     13.100     13.150     13.200     13.250     13.300     13.350     13.400     13.450     13.500     13.550     13.600     13.650     13.700     13.750     13.800     13.850     13.900     13.950     14.000     14.050     14.100     14.150     14.200     14.250     14.300     14.350     14.400     14.450     14.500     14.550     14.600     14.650     14.700     14.750     14.800     14.850     14.900     14.950     15.000     15.050     15.100     15.150     15.200     15.250     15.300     15.350     15.400     15.450     15.500     15.550     15.600     15.650     15.700     15.750     15.800     15.850     15.900     15.950
    sza =      15.514     15.286     15.083     14.906     14.755     14.633     14.538     14.473     14.436     14.430     14.453     14.505     14.587     14.697     14.835     15.000     15.192     15.409     15.650     15.914     16.201     16.508     16.835     17.181     17.544     17.923     18.317     18.727     19.149     19.584     20.030     20.488     20.956     21.433     21.919     22.414     22.916     23.425     23.941     24.463     24.991     25.525     26.064     26.607     27.155     27.707     28.263     28.822     29.386     29.952     30.521     31.093     31.668     32.245     32.824     33.406     33.989     34.575     35.162     35.751     36.342     36.934     37.527     38.122     38.718     39.315     39.912     40.511     41.111     41.712     42.313     42.914     43.517     44.120     44.724     45.327     45.932     46.537     47.142     47.747
  332.0000  6.630E-01  6.640E-01  6.648E-01  6.656E-01  6.662E-01  6.667E-01  6.671E-01  6.674E-01  6.675E-01  6.675E-01  6.674E-01  6.672E-01  6.669E-01  6.664E-01  6.659E-01  6.652E-01  6.644E-01  6.634E-01  6.624E-01  6.612E-01  6.599E-01  6.585E-01  6.570E-01  6.554E-01  6.536E-01  6.518E-01  6.498E-01  6.477E-01  6.455E-01  6.431E-01  6.407E-01  6.381E-01  6.355E-01  6.327E-01  6.298E-01  6.268E-01  6.237E-01  6.205E-01  6.171E-01  6.137E-01  6.102E-01  6.065E-01  6.028E-01  5.989E-01  5.950E-01  5.909E-01  5.868E-01  5.825E-01  5.782E-01  5.738E-01  5.692E-01  5.646E-01  5.599E-01  5.551E-01  5.501E-01  5.452E-01  5.401E-01  5.349E-01  5.297E-01  5.243E-01  5.189E-01  5.134E-01  5.079E-01  5.022E-01  4.965E-01  4.907E-01  4.849E-01  4.789E-01  4.730E-01  4.669E-01  4.608E-01  4.546E-01  4.484E-01  4.421E-01  4.357E-01  4.293E-01  4.228E-01  4.163E-01  4.098E-01  4.032E-01
  368.0000  8.317E-01  8.328E-01  8.338E-01  8.347E-01  8.354E-01  8.360E-01  8.364E-01  8.367E-01  8.369E-01  8.369E-01  8.368E-01  8.366E-01  8.362E-01  8.357E-01  8.350E-01  8.342E-01  8.333E-01  8.322E-01  8.310E-01  8.296E-01  8.281E-01  8.265E-01  8.247E-01  8.228E-01  8.208E-01  8.186E-01  8.163E-01  8.139E-01  8.113E-01  8.086E-01  8.058E-01  8.028E-01  7.997E-01  7.965E-01  7.931E-01  7.896E-01  7.860E-01  7.823E-01  7.784E-01  7.744E-01  7.703E-01  7.660E-01  7.616E-01  7.571E-01  7.525E-01  7.478E-01  7.429E-01  7.380E-01  7.329E-01  7.277E-01  7.224E-01  7.169E-01  7.114E-01  7.057E-01  7.000E-01  6.941E-01  6.881E-01  6.820E-01  6.759E-01  6.696E-01  6.632E-01  6.567E-01  6.501E-01  6.434E-01  6.367E-01  6.298E-01  6.229E-01  6.158E-01  6.087E-01  6.015E-01  5.942E-01  5.868E-01  5.793E-01  5.718E-01  5.642E-01  5.565E-01  5.488E-01  5.409E-01  5.330E-01  5.251E-01
------------------------------------------------------------
Spectral Irradiance, W m-2 nm-1
values at z =      2.073 km
Columns: wavelength (nm), times (hrs.) or sza (deg.)
    wc, nm     16.000     16.050     16.100     16.150     16.200     16.250     16.300     16.350     16.400     16.450     16.500     16.550     16.600     16.650     16.700     16.750     16.800     16.850     16.900     16.950     17.000     17.050     17.100     17.150     17.200     17.250     17.300     17.350     17.400     17.450     17.500     17.550     17.600     17.650     17.700     17.750     17.800     17.850     17.900     17.950     18.000     18.050     18.100     18.150     18.200     18.250     18.300     18.350     18.400     18.450     18.500     18.550     18.600     18.650     18.700     18.750     18.800     18.850     18.900     18.950     19.000     19.050     19.100     19.150     19.200     19.250     19.300     19.350     19.400     19.450     19.500     19.550     19.600     19.650     19.700     19.750     19.800     19.850     19.900     19.950
    sza =      48.353     48.959     49.565     50.171     50.777     51.383     51.989     52.595     53.201     53.807     54.412     55.018     55.623     56.228     56.833     57.438     58.042     58.646     59.249     59.852     60.454     61.056     61.658     62.259     62.859     63.459     64.058     64.657     65.255     65.852     66.448     67.044     67.639     68.233     68.827     69.419     70.010     70.601     71.191     71.779     72.367     72.954     73.539     74.124     74.707     75.290     75.870     76.451     77.029     77.606     78.182     78.757     79.330     79.902     80.473     81.041     81.609     82.175     82.740     83.302     83.864     84.423     84.981     85.536     86.091     86.643     87.193     87.742     88.288     88.833     89.376     89.916     90.454     90.991     91.525     92.056     92.586     93.113     93.637     94.160
  332.0000  3.966E-01  3.899E-01  3.832E-01  3.764E-01  3.697E-01  3.629E-01  3.560E-01  3.492E-01  3.423E-01  3.354E-01  3.285E-01  3.216E-01  3.147E-01  3.077E-01  3.008E-01  2.939E-01  2.869E-01  2.800E-01  2.731E-01  2.662E-01  2.593E-01  2.524E-01  2.456E-01  2.388E-01  2.320E-01  2.252E-01  2.185E-01  2.118E-01  2.052E-01  1.986E-01  1.920E-01  1.856E-01  1.791E-01  1.728E-01  1.665E-01  1.603E-01  1.541E-01  1.480E-01  1.420E-01  1.361E-01  1.303E-01  1.246E-01  1.190E-01  1.134E-01  1.080E-01  1.026E-01  9.742E-02  9.229E-02  8.728E-02  8.237E-02  7.757E-02  7.288E-02  6.830E-02  6.383E-02  5.947E-02  5.521E-02  5.106E-02  4.702E-02  4.307E-02  3.923E-02  3.548E-02  3.184E-02  2.828E-02  2.482E-02  2.145E-02  1.817E-02  1.499E-02  1.190E-02  8.897E-03  5.986E-03  3.173E-03  5.335E-04  5.360E-33  1.313E-36  0.000E+00  0.000E+00  0.000E+00  0.000E+00  0.000E+00  0.000E+00
  368.0000  5.171E-01  5.090E-01  5.009E-01  4.927E-01  4.844E-01  4.762E-01  4.678E-01  4.594E-01  4.510E-01  4.426E-01  4.341E-01  4.255E-01  4.170E-01  4.084E-01  3.998E-01  3.912E-01  3.825E-01  3.739E-01  3.652E-01  3.565E-01  3.478E-01  3.391E-01  3.305E-01  3.218E-01  3.131E-01  3.045E-01  2.958E-01  2.872E-01  2.787E-01  2.701E-01  2.616E-01  2.531E-01  2.447E-01  2.363E-01  2.280E-01  2.198E-01  2.116E-01  2.035E-01  1.954E-01  1.875E-01  1.796E-01  1.718E-01  1.641E-01  1.566E-01  1.491E-01  1.418E-01  1.345E-01  1.274E-01  1.205E-01  1.136E-01  1.070E-01  1.004E-01  9.404E-02  8.780E-02  8.172E-02  7.580E-02  7.003E-02  6.442E-02  5.896E-02  5.366E-02  4.851E-02  4.350E-02  3.864E-02  3.391E-02  2.930E-02  2.483E-02  2.049E-02  1.626E-02  1.216E-02  8.183E-03  4.338E-03  7.295E-04  6.891E-24  2.054E-26  0.000E+00  0.000E+00  0.000E+00  0.000E+00  0.000E+00  0.000E+00
------------------------------------------------------------
Spectral Irradiance, W m-2 nm-1
values at z =      2.073 km
Columns: wavelength (nm), times (hrs.) or sza (deg.)
    wc, nm     20.000     20.050     20.100     20.150     20.200     20.250     20.300     20.350     20.400     20.450     20.500     20.550     20.600     20.650     20.700     20.750     20.800     20.850     20.900     20.950     21.000     21.050     21.100     21.150     21.200     21.250     21.300     21.350     21.400     21.450     21.500     21.550     21.600     21.650     21.700     21.750     21.800     21.850     21.900     21.950     22.000     22.050     22.100     22.150     22.200     22.250     22.300     22.350     22.400     22.450     22.500     22.550     22.600     22.650     22.700     22.750     22.800     22.850     22.900     22.950     23.000     23.050     23.100     23.150     23.200     23.250     23.300     23.350     23.400     23.450     23.500     23.550     23.600     23.650     23.700     23.750     23.800     23.850     23.900     23.950
    sza =      94.679     95.196     95.711     96.222     96.731     97.237     97.741     98.241     98.739     99.234     99.725    100.213    100.699    101.181    101.659    102.134    102.606    103.074    103.539    104.000    104.457    104.911    105.360    105.806    106.247    106.685    107.118    107.547    107.972    108.393    108.808    109.219    109.626    110.027    110.425    110.816    111.204    111.585    111.962    112.333    112.700    113.060    113.415    113.765    114.109    114.446    114.778    115.104    115.424    115.738    116.045    116.346    116.640    116.928    117.209    117.484    117.751    118.012    118.266    118.513    118.752    118.983    119.208    119.425    119.635    119.837    120.032    120.218    120.397    120.568    120.731    120.885    121.032    121.170    121.301    121.422    121.536    121.641    121.737    121.826
  332.0000  0.000E+00  0.000E+00  0.000E+00  0.000E+00  0.000E+00  0.000E+00  0.000E+00  0.000E+00  0.000E+00  0.000E+00  0.000E+00  0.000E+00  0.000E+00  0.000E+00  0.000E+00  0.000E+00  0.000E+00  0.000E+00  0.000E+00  0.000E+00  0.000E+00  0.000E+00  0.000E+00  0.000E+00  0.000E+00  0.000E+00  0.000E+00  0.000E+00  0.000E+00  0.000E+00  0.000E+00  0.000E+00  0.000E+00  0.000E+00  0.000E+00  0.000E+00  0.000E+00  0.000E+00  0.000E+00  0.000E+00  0.000E+00  0.000E+00  0.000E+00  0.000E+00  0.000E+00  0.000E+00  0.000E+00  0.000E+00  0.000E+00  0.000E+00  0.000E+00  0.000E+00  0.000E+00  0.000E+00  0.000E+00  0.000E+00  0.000E+00  0.000E+00  0.000E+00  0.000E+00  0.000E+00  0.000E+00  0.000E+00  0.000E+00  0.000E+00  0.000E+00  0.000E+00  0.000E+00  0.000E+00  0.000E+00  0.000E+00  0.000E+00  0.000E+00  0.000E+00  0.000E+00  0.000E+00  0.000E+00  0.000E+00  0.000E+00  0.000E+00
  368.0000  0.000E+00  0.000E+00  0.000E+00  0.000E+00  0.000E+00  0.000E+00  0.000E+00  0.000E+00  0.000E+00  0.000E+00  0.000E+00  0.000E+00  0.000E+00  0.000E+00  0.000E+00  0.000E+00  0.000E+00  0.000E+00  0.000E+00  0.000E+00  0.000E+00  0.000E+00  0.000E+00  0.000E+00  0.000E+00  0.000E+00  0.000E+00  0.000E+00  0.000E+00  0.000E+00  0.000E+00  0.000E+00  0.000E+00  0.000E+00  0.000E+00  0.000E+00  0.000E+00  0.000E+00  0.000E+00  0.000E+00  0.000E+00  0.000E+00  0.000E+00  0.000E+00  0.000E+00  0.000E+00  0.000E+00  0.000E+00  0.000E+00  0.000E+00  0.000E+00  0.000E+00  0.000E+00  0.000E+00  0.000E+00  0.000E+00  0.000E+00  0.000E+00  0.000E+00  0.000E+00  0.000E+00  0.000E+00  0.000E+00  0.000E+00  0.000E+00  0.000E+00  0.000E+00  0.000E+00  0.000E+00  0.000E+00  0.000E+00  0.000E+00  0.000E+00  0.000E+00  0.000E+00  0.000E+00  0.000E+00  0.000E+00  0.000E+00  0.000E+00
------------------------------------------------------------
Spectral Irradiance, W m-2 nm-1
values at z =      2.073 km
Columns: wavelength (nm), times (hrs.) or sza (deg.)
    wc, nm      0.000      0.050      0.100      0.150      0.200      0.250      0.300      0.350      0.400      0.450      0.500      0.550      0.600      0.650      0.700      0.750      0.800      0.850      0.900      0.950      1.000      1.050      1.100      1.150      1.200      1.250      1.300      1.350      1.400      1.450      1.500      1.550      1.600      1.650      1.700      1.750      1.800      1.850      1.900      1.950      2.000      2.050      2.100      2.150      2.200      2.250      2.300      2.350      2.400      2.450      2.500      2.550      2.600      2.650      2.700      2.750      2.800      2.850      2.900      2.950      3.000      3.050      3.100      3.150      3.200      3.250      3.300      3.350      3.400      3.450      3.500      3.550      3.600      3.650      3.700      3.750      3.800      3.850      3.900      3.950
    sza =     121.905    121.977    122.039    122.093    122.138    122.175    122.203    122.222    122.232    122.234    122.227    122.211    122.187    122.154    122.112    122.061    122.003    121.935    121.859    121.774    121.681    121.579    121.469    121.350    121.223    121.088    120.944    120.793    120.633    120.466    120.290    120.107    119.916    119.717    119.510    119.296    119.074    118.845    118.609    118.365    118.114    117.856    117.591    117.319    117.041    116.756    116.464    116.165    115.861    115.550    115.233    114.909    114.579    114.244    113.903    113.555    113.202    112.844    112.480    112.111    111.736    111.357    110.971    110.582    110.186    109.787    109.382    108.973    108.559    108.140    107.717    107.290    106.858    106.422    105.983    105.538    105.091    104.639    104.183    103.723
  332.0000  0.000E+00  0.000E+00  0.000E+00  0.000E+00  0.000E+00  0.000E+00  0.000E+00  0.000E+00  0.000E+00  0.000E+00  0.000E+00  0.000E+00  0.000E+00  0.000E+00  0.000E+00  0.000E+00  0.000E+00  0.000E+00  0.000E+00  0.000E+00  0.000E+00  0.000E+00  0.000E+00  0.000E+00  0.000E+00  0.000E+00  0.000E+00  0.000E+00  0.000E+00  0.000E+00  0.000E+00  0.000E+00  0.000E+00  0.000E+00  0.000E+00  0.000E+00  0.000E+00  0.000E+00  0.000E+00  0.000E+00  0.000E+00  0.000E+00  0.000E+00  0.000E+00  0.000E+00  0.000E+00  0.000E+00  0.000E+00  0.000E+00  0.000E+00  0.000E+00  0.000E+00  0.000E+00  0.000E+00  0.000E+00  0.000E+00  0.000E+00  0.000E+00  0.000E+00  0.000E+00  0.000E+00  0.000E+00  0.000E+00  0.000E+00  0.000E+00  0.000E+00  0.000E+00  0.000E+00  0.000E+00  0.000E+00  0.000E+00  0.000E+00  0.000E+00  0.000E+00  0.000E+00  0.000E+00  0.000E+00  0.000E+00  0.000E+00  0.000E+00
  368.0000  0.000E+00  0.000E+00  0.000E+00  0.000E+00  0.000E+00  0.000E+00  0.000E+00  0.000E+00  0.000E+00  0.000E+00  0.000E+00  0.000E+00  0.000E+00  0.000E+00  0.000E+00  0.000E+00  0.000E+00  0.000E+00  0.000E+00  0.000E+00  0.000E+00  0.000E+00  0.000E+00  0.000E+00  0.000E+00  0.000E+00  0.000E+00  0.000E+00  0.000E+00  0.000E+00  0.000E+00  0.000E+00  0.000E+00  0.000E+00  0.000E+00  0.000E+00  0.000E+00  0.000E+00  0.000E+00  0.000E+00  0.000E+00  0.000E+00  0.000E+00  0.000E+00  0.000E+00  0.000E+00  0.000E+00  0.000E+00  0.000E+00  0.000E+00  0.000E+00  0.000E+00  0.000E+00  0.000E+00  0.000E+00  0.000E+00  0.000E+00  0.000E+00  0.000E+00  0.000E+00  0.000E+00  0.000E+00  0.000E+00  0.000E+00  0.000E+00  0.000E+00  0.000E+00  0.000E+00  0.000E+00  0.000E+00  0.000E+00  0.000E+00  0.000E+00  0.000E+00  0.000E+00  0.000E+00  0.000E+00  0.000E+00  0.000E+00  0.000E+00
------------------------------------------------------------
Spectral Irradiance, W m-2 nm-1
values at z =      2.073 km
Columns: wavelength (nm), times (hrs.) or sza (deg.)
    wc, nm      4.000      4.050      4.100      4.150      4.200      4.250      4.300      4.350      4.400      4.450      4.500      4.550      4.600      4.650      4.700      4.750      4.800      4.850      4.900      4.950      5.000      5.050      5.100      5.150      5.200      5.250      5.300      5.350      5.400      5.450      5.500      5.550      5.600      5.650      5.700      5.750      5.800      5.850      5.900      5.950      6.000      6.050      6.100      6.150      6.200      6.250      6.300      6.350      6.400      6.450      6.500      6.550      6.600      6.650      6.700      6.750      6.800      6.850      6.900      6.950      7.000      7.050      7.100      7.150      7.200      7.250      7.300      7.350      7.400      7.450      7.500      7.550      7.600      7.650      7.700      7.750      7.800      7.850      7.900      7.950
    sza =     103.260    102.793    102.323    101.849    101.372    100.891    100.407     99.920     99.430     98.937     98.440     97.941     97.439     96.934     96.426     95.915     95.402     94.886     94.367     93.846     93.322     92.796     92.268     91.737     91.204     90.669     90.131     89.591     89.050     88.506     87.960     87.412     86.863     86.311     85.758     85.202     84.645     84.086     83.526     82.964     82.400     81.835     81.268     80.699     80.129     79.558     78.985     78.411     77.835     77.259     76.680     76.101     75.520     74.939     74.356     73.771     73.186     72.600     72.013     71.424     70.835     70.245     69.653     69.061     68.468     67.874     67.279     66.684     66.088     65.491     64.893     64.295     63.695     63.096     62.495     61.894     61.293     60.691     60.088     59.486
  332.0000  0.000E+00  0.000E+00  0.000E+00  0.000E+00  0.000E+00  0.000E+00  0.000E+00  0.000E+00  0.000E+00  0.000E+00  0.000E+00  0.000E+00  0.000E+00  0.000E+00  0.000E+00  0.000E+00  0.000E+00  0.000E+00  0.000E+00  0.000E+00  0.000E+00  0.000E+00  0.000E+00  0.000E+00  0.000E+00  1.341E-29  1.858E-26  2.142E-03  4.993E-03  7.951E-03  1.100E-02  1.415E-02  1.739E-02  2.072E-02  2.415E-02  2.768E-02  3.130E-02  3.503E-02  3.885E-02  4.279E-02  4.683E-02  5.098E-02  5.525E-02  5.963E-02  6.414E-02  6.876E-02  7.351E-02  7.837E-02  8.336E-02  8.846E-02  9.369E-02  9.902E-02  1.045E-01  1.100E-01  1.157E-01  1.215E-01  1.274E-01  1.333E-01  1.394E-01  1.455E-01  1.518E-01  1.581E-01  1.645E-01  1.709E-01  1.775E-01  1.841E-01  1.907E-01  1.974E-01  2.042E-01  2.110E-01  2.179E-01  2.248E-01  2.317E-01  2.387E-01  2.457E-01  2.527E-01  2.597E-01  2.668E-01  2.739E-01  2.810E-01
  368.0000  0.000E+00  0.000E+00  0.000E+00  0.000E+00  0.000E+00  0.000E+00  0.000E+00  0.000E+00  0.000E+00  0.000E+00  0.000E+00  0.000E+00  0.000E+00  0.000E+00  0.000E+00  0.000E+00  0.000E+00  0.000E+00  0.000E+00  0.000E+00  0.000E+00  0.000E+00  0.000E+00  0.000E+00  0.000E+00  9.449E-21  1.299E-18  2.942E-03  6.856E-03  1.091E-02  1.510E-02  1.942E-02  2.386E-02  2.844E-02  3.316E-02  3.802E-02  4.304E-02  4.821E-02  5.356E-02  5.907E-02  6.476E-02  7.063E-02  7.668E-02  8.290E-02  8.929E-02  9.586E-02  1.026E-01  1.095E-01  1.165E-01  1.237E-01  1.310E-01  1.385E-01  1.461E-01  1.538E-01  1.616E-01  1.695E-01  1.775E-01  1.856E-01  1.938E-01  2.021E-01  2.104E-01  2.188E-01  2.273E-01  2.359E-01  2.444E-01  2.531E-01  2.618E-01  2.705E-01  2.792E-01  2.880E-01  2.968E-01  3.056E-01  3.144E-01  3.232E-01  3.321E-01  3.409E-01  3.498E-01  3.586E-01  3.675E-01  3.763E-01
------------------------------------------------------------
Spectral Irradiance, W m-2 nm-1
values at z =      2.073 km
Columns: wavelength (nm), times (hrs.) or sza (deg.)
    wc, nm      8.000      8.050      8.100      8.150      8.200      8.250      8.300      8.350      8.400      8.450      8.500      8.550      8.600      8.650      8.700      8.750      8.800      8.850      8.900      8.950      9.000      9.050      9.100      9.150      9.200      9.250      9.300      9.350      9.400      9.450      9.500      9.550      9.600      9.650      9.700      9.750      9.800      9.850      9.900      9.950     10.000     10.050     10.100     10.150     10.200     10.250     10.300     10.350     10.400     10.450     10.500     10.550     10.600     10.650     10.700     10.750     10.800     10.850     10.900     10.950     11.000     11.050     11.100     11.150     11.200     11.250     11.300     11.350     11.400     11.450     11.500     11.550     11.600     11.650     11.700     11.750     11.800     11.850     11.900     11.950
    sza =      58.882     58.278     57.674     57.069     56.465     55.859     55.254     54.648     54.043     53.436     52.830     52.224     51.618     51.011     50.405     49.799     49.192     48.586     47.980     47.374     46.768     46.163     45.558     44.954     44.349     43.746     43.142     42.540     41.938     41.336     40.736     40.136     39.537     38.939     38.342     37.746     37.152     36.558     35.966     35.376     34.787     34.200     33.614     33.031     32.450     31.870     31.293     30.719     30.147     29.579     29.013     28.450     27.891     27.336     26.785     26.238     25.696     25.158     24.626     24.099     23.578     23.064     22.557     22.056     21.564     21.081     20.606     20.142     19.687     19.244     18.814     18.396     17.992     17.602     17.229     16.872     16.534     16.215     15.915     15.638
  332.0000  2.881E-01  2.952E-01  3.022E-01  3.093E-01  3.164E-01  3.235E-01  3.306E-01  3.377E-01  3.447E-01  3.517E-01  3.587E-01  3.657E-01  3.726E-01  3.796E-01  3.865E-01  3.933E-01  4.001E-01  4.069E-01  4.136E-01  4.203E-01  4.270E-01  4.335E-01  4.401E-01  4.466E-01  4.530E-01  4.594E-01  4.657E-01  4.720E-01  4.781E-01  4.843E-01  4.903E-01  4.963E-01  5.022E-01  5.081E-01  5.139E-01  5.196E-01  5.252E-01  5.307E-01  5.362E-01  5.416E-01  5.469E-01  5.521E-01  5.572E-01  5.622E-01  5.672E-01  5.720E-01  5.768E-01  5.815E-01  5.861E-01  5.905E-01  5.949E-01  5.992E-01  6.034E-01  6.075E-01  6.115E-01  6.154E-01  6.192E-01  6.229E-01  6.264E-01  6.299E-01  6.333E-01  6.365E-01  6.397E-01  6.427E-01  6.457E-01  6.485E-01  6.512E-01  6.538E-01  6.563E-01  6.587E-01  6.609E-01  6.631E-01  6.651E-01  6.670E-01  6.688E-01  6.705E-01  6.721E-01  6.735E-01  6.749E-01  6.761E-01
  368.0000  3.851E-01  3.939E-01  4.027E-01  4.114E-01  4.201E-01  4.288E-01  4.375E-01  4.461E-01  4.547E-01  4.632E-01  4.717E-01  4.802E-01  4.886E-01  4.969E-01  5.052E-01  5.134E-01  5.216E-01  5.297E-01  5.378E-01  5.458E-01  5.537E-01  5.616E-01  5.694E-01  5.771E-01  5.847E-01  5.923E-01  5.997E-01  6.071E-01  6.145E-01  6.217E-01  6.288E-01  6.359E-01  6.429E-01  6.497E-01  6.565E-01  6.632E-01  6.698E-01  6.763E-01  6.827E-01  6.890E-01  6.952E-01  7.013E-01  7.072E-01  7.131E-01  7.189E-01  7.245E-01  7.301E-01  7.355E-01  7.409E-01  7.461E-01  7.512E-01  7.562E-01  7.610E-01  7.658E-01  7.704E-01  7.749E-01  7.793E-01  7.836E-01  7.877E-01  7.917E-01  7.956E-01  7.994E-01  8.030E-01  8.065E-01  8.099E-01  8.132E-01  8.163E-01  8.193E-01  8.222E-01  8.249E-01  8.275E-01  8.300E-01  8.323E-01  8.345E-01  8.366E-01  8.386E-01  8.404E-01  8.420E-01  8.436E-01  8.450E-01
------------------------------------------------------------
Spectral Irradiance, W m-2 nm-1
values at z =      2.073 km
Columns: wavelength (nm), times (hrs.) or sza (deg.)
    wc, nm     12.000     12.050     12.100     12.150     12.200     12.250     12.300     12.350     12.400     12.450     12.500     12.550     12.600     12.650     12.700     12.750     12.800     12.850     12.900     12.950     13.000     13.050     13.100     13.150     13.200     13.250     13.300     13.350     13.400     13.450     13.500     13.550     13.600     13.650     13.700     13.750     13.800     13.850     13.900     13.950     14.000     14.050     14.100     14.150     14.200     14.250     14.300     14.350     14.400     14.450     14.500     14.550     14.600     14.650     14.700     14.750     14.800     14.850     14.900     14.950     15.000     15.050     15.100     15.150     15.200     15.250     15.300     15.350     15.400     15.450     15.500     15.550     15.600     15.650     15.700     15.750     15.800     15.850     15.900     15.950
    sza =      15.383     15.152     14.946     14.767     14.613     14.488     14.392     14.325     14.286     14.279     14.300     14.352     14.433     14.542     14.681     14.846     15.039     15.256     15.498     15.763     16.051     16.360     16.688     17.035     17.400     17.780     18.176     18.587     19.011     19.448     19.895     20.355     20.824     21.303     21.790     22.286     22.789     23.300     23.817     24.341     24.870     25.404     25.944     26.489     27.038     27.590     28.148     28.708     29.272     29.839     30.409     30.982     31.557     32.135     32.715     33.297     33.881     34.467     35.055     35.645     36.236     36.828     37.422     38.017     38.613     39.210     39.808     40.408     41.007     41.608     42.209     42.811     43.414     44.017     44.621     45.225     45.830     46.435     47.040     47.646
  332.0000  6.772E-01  6.782E-01  6.790E-01  6.798E-01  6.804E-01  6.809E-01  6.813E-01  6.816E-01  6.817E-01  6.817E-01  6.816E-01  6.814E-01  6.811E-01  6.807E-01  6.801E-01  6.794E-01  6.786E-01  6.777E-01  6.767E-01  6.755E-01  6.742E-01  6.729E-01  6.713E-01  6.697E-01  6.680E-01  6.661E-01  6.642E-01  6.621E-01  6.599E-01  6.576E-01  6.551E-01  6.526E-01  6.499E-01  6.472E-01  6.443E-01  6.413E-01  6.382E-01  6.350E-01  6.317E-01  6.283E-01  6.248E-01  6.212E-01  6.174E-01  6.136E-01  6.097E-01  6.056E-01  6.015E-01  5.972E-01  5.929E-01  5.885E-01  5.839E-01  5.793E-01  5.746E-01  5.698E-01  5.649E-01  5.599E-01  5.548E-01  5.497E-01  5.444E-01  5.391E-01  5.337E-01  5.282E-01  5.226E-01  5.169E-01  5.112E-01  5.054E-01  4.995E-01  4.936E-01  4.876E-01  4.815E-01  4.753E-01  4.691E-01  4.628E-01  4.565E-01  4.501E-01  4.436E-01  4.371E-01  4.306E-01  4.239E-01  4.173E-01
  368.0000  8.462E-01  8.474E-01  8.484E-01  8.492E-01  8.499E-01  8.505E-01  8.510E-01  8.513E-01  8.515E-01  8.515E-01  8.514E-01  8.512E-01  8.508E-01  8.503E-01  8.496E-01  8.488E-01  8.479E-01  8.469E-01  8.457E-01  8.443E-01  8.429E-01  8.413E-01  8.395E-01  8.377E-01  8.357E-01  8.335E-01  8.313E-01  8.288E-01  8.263E-01  8.236E-01  8.208E-01  8.179E-01  8.149E-01  8.117E-01  8.083E-01  8.049E-01  8.013E-01  7.976E-01  7.938E-01  7.898E-01  7.858E-01  7.816E-01  7.773E-01  7.728E-01  7.682E-01  7.636E-01  7.588E-01  7.538E-01  7.488E-01  7.437E-01  7.384E-01  7.330E-01  7.275E-01  7.219E-01  7.162E-01  7.104E-01  7.045E-01  6.984E-01  6.923E-01  6.861E-01  6.797E-01  6.733E-01  6.668E-01  6.601E-01  6.534E-01  6.466E-01  6.397E-01  6.327E-01  6.256E-01  6.184E-01  6.111E-01  6.038E-01  5.963E-01  5.888E-01  5.812E-01  5.736E-01  5.658E-01  5.580E-01  5.501E-01  5.422E-01
------------------------------------------------------------
Spectral Irradiance, W m-2 nm-1
values at z =      2.073 km
Columns: wavelength (nm), times (hrs.) or sza (deg.)
    wc, nm     16.000     16.050     16.100     16.150     16.200     16.250     16.300     16.350     16.400     16.450     16.500     16.550     16.600     16.650     16.700     16.750     16.800     16.850     16.900     16.950     17.000     17.050     17.100     17.150     17.200     17.250     17.300     17.350     17.400     17.450     17.500     17.550     17.600     17.650     17.700     17.750     17.800     17.850     17.900     17.950     18.000     18.050     18.100     18.150     18.200     18.250     18.300     18.350     18.400     18.450     18.500     18.550     18.600     18.650     18.700     18.750     18.800     18.850     18.900     18.950     19.000     19.050     19.100     19.150     19.200     19.250     19.300     19.350     19.400     19.450     19.500     19.550     19.600     19.650     19.700     19.750     19.800     19.850     19.900     19.950
    sza =      48.251     48.857     49.463     50.069     50.675     51.281     51.887     52.493     53.099     53.705     54.311     54.916     55.521     56.126     56.731     57.335     57.939     58.543     59.146     59.749     60.351     60.953     61.555     62.155     62.756     63.355     63.954     64.553     65.151     65.747     66.344     66.939     67.534     68.128     68.721     69.313     69.904     70.495     71.084     71.672     72.260     72.846     73.431     74.016     74.599     75.181     75.761     76.341     76.919     77.496     78.072     78.646     79.219     79.790     80.361     80.929     81.496     82.062     82.626     83.188     83.749     84.308     84.866     85.421     85.975     86.527     87.076     87.625     88.171     88.715     89.257     89.797     90.335     90.871     91.404     91.936     92.464     92.991     93.515     94.037
  332.0000  4.106E-01  4.038E-01  3.970E-01  3.902E-01  3.834E-01  3.765E-01  3.695E-01  3.626E-01  3.556E-01  3.486E-01  3.415E-01  3.345E-01  3.274E-01  3.204E-01  3.133E-01  3.062E-01  2.991E-01  2.920E-01  2.849E-01  2.778E-01  2.708E-01  2.637E-01  2.566E-01  2.496E-01  2.426E-01  2.356E-01  2.287E-01  2.218E-01  2.149E-01  2.081E-01  2.013E-01  1.945E-01  1.879E-01  1.812E-01  1.747E-01  1.682E-01  1.617E-01  1.554E-01  1.491E-01  1.429E-01  1.368E-01  1.308E-01  1.249E-01  1.190E-01  1.133E-01  1.077E-01  1.022E-01  9.679E-02  9.150E-02  8.633E-02  8.129E-02  7.636E-02  7.155E-02  6.686E-02  6.229E-02  5.784E-02  5.351E-02  4.929E-02  4.519E-02  4.120E-02  3.731E-02  3.353E-02  2.985E-02  2.627E-02  2.279E-02  1.941E-02  1.612E-02  1.292E-02  9.813E-03  6.802E-03  3.890E-03  1.102E-03  1.234E-27  9.986E-31  0.000E+00  0.000E+00  0.000E+00  0.000E+00  0.000E+00  0.000E+00
  368.0000  5.341E-01  5.261E-01  5.179E-01  5.097E-01  5.015E-01  4.931E-01  4.848E-01  4.764E-01  4.679E-01  4.594E-01  4.508E-01  4.422E-01  4.336E-01  4.249E-01  4.162E-01  4.075E-01  3.988E-01  3.900E-01  3.812E-01  3.724E-01  3.636E-01  3.547E-01  3.459E-01  3.371E-01  3.282E-01  3.194E-01  3.106E-01  3.017E-01  2.929E-01  2.842E-01  2.754E-01  2.667E-01  2.580E-01  2.494E-01  2.407E-01  2.322E-01  2.237E-01  2.152E-01  2.069E-01  1.985E-01  1.903E-01  1.822E-01  1.741E-01  1.661E-01  1.583E-01  1.505E-01  1.429E-01  1.353E-01  1.280E-01  1.207E-01  1.136E-01  1.066E-01  9.980E-02  9.315E-02  8.667E-02  8.035E-02  7.421E-02  6.824E-02  6.245E-02  5.684E-02  5.140E-02  4.613E-02  4.103E-02  3.608E-02  3.128E-02  2.663E-02  2.212E-02  1.773E-02  1.347E-02  9.339E-03  5.341E-03  1.514E-03  2.061E-19  1.722E-21  0.000E+00  0.000E+00  0.000E+00  0.000E+00  0.000E+00  0.000E+00
------------------------------------------------------------
Spectral Irradiance, W m-2 nm-1
values at z =      2.073 km
Columns: wavelength (nm), times (hrs.) or sza (deg.)
    wc, nm     20.000     20.050     20.100     20.150     20.200     20.250     20.300     20.350     20.400     20.450     20.500     20.550     20.600     20.650     20.700     20.750     20.800     20.850     20.900     20.950     21.000     21.050     21.100     21.150     21.200     21.250     21.300     21.350     21.400     21.450     21.500     21.550     21.600     21.650     21.700     21.750     21.800     21.850     21.900     21.950     22.000     22.050     22.100     22.150     22.200     22.250     22.300     22.350     22.400     22.450     22.500     22.550     22.600     22.650     22.700     22.750     22.800     22.850     22.900     22.950     23.000     23.050     23.100     23.150     23.200     23.250     23.300     23.350     23.400     23.450     23.500     23.550     23.600     23.650     23.700     23.750     23.800     23.850     23.900     23.950
    sza =      94.556     95.072     95.586     96.097     96.606     97.112     97.615     98.115     98.612     99.106     99.597    100.085    100.570    101.051    101.529    102.003    102.474    102.942    103.406    103.867    104.324    104.777    105.226    105.671    106.112    106.549    106.982    107.410    107.834    108.254    108.669    109.080    109.486    109.887    110.284    110.675    111.062    111.443    111.820    112.190    112.556    112.916    113.271    113.620    113.963    114.301    114.632    114.958    115.277    115.590    115.897    116.198    116.492    116.780    117.060    117.335    117.602    117.863    118.116    118.362    118.601    118.833    119.058    119.274    119.484    119.686    119.880    120.067    120.246    120.416    120.579    120.734    120.881    121.019    121.149    121.271    121.384    121.490    121.587    121.675
  332.0000  0.000E+00  0.000E+00  0.000E+00  0.000E+00  0.000E+00  0.000E+00  0.000E+00  0.000E+00  0.000E+00  0.000E+00  0.000E+00  0.000E+00  0.000E+00  0.000E+00  0.000E+00  0.000E+00  0.000E+00  0.000E+00  0.000E+00  0.000E+00  0.000E+00  0.000E+00  0.000E+00  0.000E+00  0.000E+00  0.000E+00  0.000E+00  0.000E+00  0.000E+00  0.000E+00  0.000E+00  0.000E+00  0.000E+00  0.000E+00  0.000E+00  0.000E+00  0.000E+00  0.000E+00  0.000E+00  0.000E+00  0.000E+00  0.000E+00  0.000E+00  0.000E+00  0.000E+00  0.000E+00  0.000E+00  0.000E+00  0.000E+00  0.000E+00  0.000E+00  0.000E+00  0.000E+00  0.000E+00  0.000E+00  0.000E+00  0.000E+00  0.000E+00  0.000E+00  0.000E+00  0.000E+00  0.000E+00  0.000E+00  0.000E+00  0.000E+00  0.000E+00  0.000E+00  0.000E+00  0.000E+00  0.000E+00  0.000E+00  0.000E+00  0.000E+00  0.000E+00  0.000E+00  0.000E+00  0.000E+00  0.000E+00  0.000E+00  0.000E+00
  368.0000  0.000E+00  0.000E+00  0.000E+00  0.000E+00  0.000E+00  0.000E+00  0.000E+00  0.000E+00  0.000E+00  0.000E+00  0.000E+00  0.000E+00  0.000E+00  0.000E+00  0.000E+00  0.000E+00  0.000E+00  0.000E+00  0.000E+00  0.000E+00  0.000E+00  0.000E+00  0.000E+00  0.000E+00  0.000E+00  0.000E+00  0.000E+00  0.000E+00  0.000E+00  0.000E+00  0.000E+00  0.000E+00  0.000E+00  0.000E+00  0.000E+00  0.000E+00  0.000E+00  0.000E+00  0.000E+00  0.000E+00  0.000E+00  0.000E+00  0.000E+00  0.000E+00  0.000E+00  0.000E+00  0.000E+00  0.000E+00  0.000E+00  0.000E+00  0.000E+00  0.000E+00  0.000E+00  0.000E+00  0.000E+00  0.000E+00  0.000E+00  0.000E+00  0.000E+00  0.000E+00  0.000E+00  0.000E+00  0.000E+00  0.000E+00  0.000E+00  0.000E+00  0.000E+00  0.000E+00  0.000E+00  0.000E+00  0.000E+00  0.000E+00  0.000E+00  0.000E+00  0.000E+00  0.000E+00  0.000E+00  0.000E+00  0.000E+00  0.000E+00
------------------------------------------------------------
Spectral Irradiance, W m-2 nm-1
values at z =      2.073 km
Columns: wavelength (nm), times (hrs.) or sza (deg.)
    wc, nm      0.000      0.050      0.100      0.150      0.200      0.250      0.300      0.350      0.400      0.450      0.500      0.550      0.600      0.650      0.700      0.750      0.800      0.850      0.900      0.950      1.000      1.050      1.100      1.150      1.200      1.250      1.300      1.350      1.400      1.450      1.500      1.550      1.600      1.650      1.700      1.750      1.800      1.850      1.900      1.950      2.000      2.050      2.100      2.150      2.200      2.250      2.300      2.350      2.400      2.450      2.500      2.550      2.600      2.650      2.700      2.750      2.800      2.850      2.900      2.950      3.000      3.050      3.100      3.150      3.200      3.250      3.300      3.350      3.400      3.450      3.500      3.550      3.600      3.650      3.700      3.750      3.800      3.850      3.900      3.950
    sza =     121.755    121.826    121.889    121.943    121.989    122.026    122.054    122.074    122.084    122.087    122.080    122.064    122.041    122.008    121.967    121.917    121.858    121.791    121.716    121.631    121.539    121.438    121.328    121.210    121.084    120.950    120.807    120.656    120.497    120.331    120.156    119.974    119.783    119.585    119.379    119.166    118.945    118.717    118.481    118.239    117.989    117.731    117.468    117.197    116.919    116.635    116.344    116.047    115.743    115.433    115.117    114.794    114.465    114.131    113.791    113.444    113.092    112.735    112.372    112.004    111.630    111.251    110.867    110.478    110.084    109.685    109.281    108.873    108.460    108.043    107.621    107.194    106.763    106.328    105.890    105.446    104.999    104.548    104.094    103.635
  332.0000  0.000E+00  0.000E+00  0.000E+00  0.000E+00  0.000E+00  0.000E+00  0.000E+00  0.000E+00  0.000E+00  0.000E+00  0.000E+00  0.000E+00  0.000E+00  0.000E+00  0.000E+00  0.000E+00  0.000E+00  0.000E+00  0.000E+00  0.000E+00  0.000E+00  0.000E+00  0.000E+00  0.000E+00  0.000E+00  0.000E+00  0.000E+00  0.000E+00  0.000E+00  0.000E+00  0.000E+00  0.000E+00  0.000E+00  0.000E+00  0.000E+00  0.000E+00  0.000E+00  0.000E+00  0.000E+00  0.000E+00  0.000E+00  0.000E+00  0.000E+00  0.000E+00  0.000E+00  0.000E+00  0.000E+00  0.000E+00  0.000E+00  0.000E+00  0.000E+00  0.000E+00  0.000E+00  0.000E+00  0.000E+00  0.000E+00  0.000E+00  0.000E+00  0.000E+00  0.000E+00  0.000E+00  0.000E+00  0.000E+00  0.000E+00  0.000E+00  0.000E+00  0.000E+00  0.000E+00  0.000E+00  0.000E+00  0.000E+00  0.000E+00  0.000E+00  0.000E+00  0.000E+00  0.000E+00  0.000E+00  0.000E+00  0.000E+00  0.000E+00
  368.0000  0.000E+00  0.000E+00  0.000E+00  0.000E+00  0.000E+00  0.000E+00  0.000E+00  0.000E+00  0.000E+00  0.000E+00  0.000E+00  0.000E+00  0.000E+00  0.000E+00  0.000E+00  0.000E+00  0.000E+00  0.000E+00  0.000E+00  0.000E+00  0.000E+00  0.000E+00  0.000E+00  0.000E+00  0.000E+00  0.000E+00  0.000E+00  0.000E+00  0.000E+00  0.000E+00  0.000E+00  0.000E+00  0.000E+00  0.000E+00  0.000E+00  0.000E+00  0.000E+00  0.000E+00  0.000E+00  0.000E+00  0.000E+00  0.000E+00  0.000E+00  0.000E+00  0.000E+00  0.000E+00  0.000E+00  0.000E+00  0.000E+00  0.000E+00  0.000E+00  0.000E+00  0.000E+00  0.000E+00  0.000E+00  0.000E+00  0.000E+00  0.000E+00  0.000E+00  0.000E+00  0.000E+00  0.000E+00  0.000E+00  0.000E+00  0.000E+00  0.000E+00  0.000E+00  0.000E+00  0.000E+00  0.000E+00  0.000E+00  0.000E+00  0.000E+00  0.000E+00  0.000E+00  0.000E+00  0.000E+00  0.000E+00  0.000E+00  0.000E+00
------------------------------------------------------------
Spectral Irradiance, W m-2 nm-1
values at z =      2.073 km
Columns: wavelength (nm), times (hrs.) or sza (deg.)
    wc, nm      4.000      4.050      4.100      4.150      4.200      4.250      4.300      4.350      4.400      4.450      4.500      4.550      4.600      4.650      4.700      4.750      4.800      4.850      4.900      4.950      5.000      5.050      5.100      5.150      5.200      5.250      5.300      5.350      5.400      5.450      5.500      5.550      5.600      5.650      5.700      5.750      5.800      5.850      5.900      5.950      6.000      6.050      6.100      6.150      6.200      6.250      6.300      6.350      6.400      6.450      6.500      6.550      6.600      6.650      6.700      6.750      6.800      6.850      6.900      6.950      7.000      7.050      7.100      7.150      7.200      7.250      7.300      7.350      7.400      7.450      7.500      7.550      7.600      7.650      7.700      7.750      7.800      7.850      7.900      7.950
    sza =     103.173    102.707    102.237    101.764    101.288    100.808    100.325     99.839     99.349     98.857     98.361     97.862     97.361     96.857     96.349     95.840     95.327     94.812     94.294     93.773     93.250     92.725     92.197     91.667     91.135     90.600     90.063     89.524     88.983     88.440     87.895     87.348     86.799     86.248     85.695     85.140     84.584     84.025     83.465     82.904     82.341     81.776     81.209     80.642     80.072     79.501     78.929     78.355     77.780     77.204     76.626     76.047     75.467     74.886     74.303     73.719     73.135     72.549     71.962     71.374     70.785     70.195     69.604     69.012     68.420     67.826     67.232     66.636     66.040     65.444     64.846     64.248     63.649     63.050     62.450     61.849     61.248     60.646     60.044     59.441
  332.0000  0.000E+00  0.000E+00  0.000E+00  0.000E+00  0.000E+00  0.000E+00  0.000E+00  0.000E+00  0.000E+00  0.000E+00  0.000E+00  0.000E+00  0.000E+00  0.000E+00  0.000E+00  0.000E+00  0.000E+00  0.000E+00  0.000E+00  0.000E+00  0.000E+00  0.000E+00  0.000E+00  0.000E+00  0.000E+00  4.398E-29  5.260E-26  2.492E-03  5.357E-03  8.324E-03  1.139E-02  1.454E-02  1.779E-02  2.114E-02  2.457E-02  2.811E-02  3.175E-02  3.548E-02  3.932E-02  4.326E-02  4.732E-02  5.148E-02  5.576E-02  6.016E-02  6.468E-02  6.931E-02  7.407E-02  7.895E-02  8.395E-02  8.907E-02  9.430E-02  9.965E-02  1.051E-01  1.107E-01  1.164E-01  1.222E-01  1.280E-01  1.340E-01  1.401E-01  1.463E-01  1.525E-01  1.588E-01  1.652E-01  1.717E-01  1.782E-01  1.848E-01  1.915E-01  1.982E-01  2.050E-01  2.118E-01  2.187E-01  2.256E-01  2.325E-01  2.395E-01  2.465E-01  2.535E-01  2.605E-01  2.676E-01  2.747E-01  2.818E-01
  368.0000  0.000E+00  0.000E+00  0.000E+00  0.000E+00  0.000E+00  0.000E+00  0.000E+00  0.000E+00  0.000E+00  0.000E+00  0.000E+00  0.000E+00  0.000E+00  0.000E+00  0.000E+00  0.000E+00  0.000E+00  0.000E+00  0.000E+00  0.000E+00  0.000E+00  0.000E+00  0.000E+00  0.000E+00  0.000E+00  2.153E-20  2.658E-18  3.418E-03  7.347E-03  1.142E-02  1.561E-02  1.994E-02  2.439E-02  2.898E-02  3.371E-02  3.858E-02  4.361E-02  4.880E-02  5.416E-02  5.969E-02  6.540E-02  7.128E-02  7.734E-02  8.358E-02  8.999E-02  9.656E-02  1.033E-01  1.102E-01  1.173E-01  1.244E-01  1.318E-01  1.392E-01  1.468E-01  1.545E-01  1.624E-01  1.703E-01  1.783E-01  1.864E-01  1.946E-01  2.029E-01  2.112E-01  2.197E-01  2.281E-01  2.367E-01  2.453E-01  2.539E-01  2.626E-01  2.713E-01  2.800E-01  2.888E-01  2.976E-01  3.064E-01  3.152E-01  3.240E-01  3.329E-01  3.417E-01  3.506E-01  3.594E-01  3.682E-01  3.771E-01
------------------------------------------------------------
Spectral Irradiance, W m-2 nm-1
values at z =      2.073 km
Columns: wavelength (nm), times (hrs.) or sza (deg.)
    wc, nm      8.000      8.050      8.100      8.150      8.200      8.250      8.300      8.350      8.400      8.450      8.500      8.550      8.600      8.650      8.700      8.750      8.800      8.850      8.900      8.950      9.000      9.050      9.100      9.150      9.200      9.250      9.300      9.350      9.400      9.450      9.500      9.550      9.600      9.650      9.700      9.750      9.800      9.850      9.900      9.950     10.000     10.050     10.100     10.150     10.200     10.250     10.300     10.350     10.400     10.450     10.500     10.550     10.600     10.650     10.700     10.750     10.800     10.850     10.900     10.950     11.000     11.050     11.100     11.150     11.200     11.250     11.300     11.350     11.400     11.450     11.500     11.550     11.600     11.650     11.700     11.750     11.800     11.850     11.900     11.950
    sza =      58.838     58.234     57.630     57.026     56.421     55.816     55.211     54.605     53.999     53.393     52.787     52.181     51.575     50.968     50.362     49.756     49.149     48.543     47.937     47.331     46.725     46.120     45.515     44.910     44.305     43.702     43.098     42.495     41.893     41.291     40.690     40.090     39.491     38.893     38.295     37.699     37.104     36.510     35.918     35.327     34.737     34.149     33.563     32.979     32.397     31.817     31.239     30.664     30.091     29.521     28.955     28.391     27.831     27.275     26.722     26.174     25.630     25.091     24.557     24.029     23.506     22.990     22.481     21.978     21.484     20.999     20.522     20.055     19.598     19.153     18.719     18.298     17.892     17.499     17.123     16.764     16.422     16.100     15.797     15.517
  332.0000  2.889E-01  2.960E-01  3.031E-01  3.102E-01  3.173E-01  3.243E-01  3.314E-01  3.385E-01  3.455E-01  3.525E-01  3.595E-01  3.665E-01  3.735E-01  3.804E-01  3.873E-01  3.941E-01  4.009E-01  4.077E-01  4.144E-01  4.211E-01  4.278E-01  4.343E-01  4.409E-01  4.474E-01  4.538E-01  4.602E-01  4.665E-01  4.727E-01  4.789E-01  4.851E-01  4.911E-01  4.971E-01  5.030E-01  5.089E-01  5.146E-01  5.203E-01  5.260E-01  5.315E-01  5.370E-01  5.423E-01  5.476E-01  5.528E-01  5.580E-01  5.630E-01  5.680E-01  5.728E-01  5.776E-01  5.823E-01  5.868E-01  5.913E-01  5.957E-01  6.000E-01  6.042E-01  6.083E-01  6.123E-01  6.162E-01  6.200E-01  6.236E-01  6.272E-01  6.307E-01  6.341E-01  6.373E-01  6.405E-01  6.435E-01  6.464E-01  6.493E-01  6.520E-01  6.546E-01  6.571E-01  6.595E-01  6.617E-01  6.639E-01  6.659E-01  6.678E-01  6.696E-01  6.713E-01  6.729E-01  6.743E-01  6.757E-01  6.769E-01
  368.0000  3.859E-01  3.946E-01  4.034E-01  4.121E-01  4.209E-01  4.295E-01  4.382E-01  4.468E-01  4.554E-01  4.639E-01  4.724E-01  4.808E-01  4.892E-01  4.976E-01  5.059E-01  5.141E-01  5.223E-01  5.304E-01  5.384E-01  5.464E-01  5.544E-01  5.622E-01  5.700E-01  5.777E-01  5.853E-01  5.929E-01  6.003E-01  6.077E-01  6.150E-01  6.223E-01  6.294E-01  6.365E-01  6.434E-01  6.503E-01  6.571E-01  6.638E-01  6.703E-01  6.768E-01  6.832E-01  6.895E-01  6.957E-01  7.018E-01  7.078E-01  7.136E-01  7.194E-01  7.251E-01  7.306E-01  7.360E-01  7.414E-01  7.466E-01  7.517E-01  7.567E-01  7.615E-01  7.663E-01  7.709E-01  7.754E-01  7.798E-01  7.841E-01  7.882E-01  7.922E-01  7.961E-01  7.999E-01  8.035E-01  8.070E-01  8.104E-01  8.137E-01  8.168E-01  8.198E-01  8.227E-01  8.254E-01  8.280E-01  8.305E-01  8.329E-01  8.351E-01  8.371E-01  8.391E-01  8.409E-01  8.426E-01  8.441E-01  8.455E-01
------------------------------------------------------------
Spectral Irradiance, W m-2 nm-1
values at z =      2.073 km
Columns: wavelength (nm), times (hrs.) or sza (deg.)
    wc, nm     12.000     12.050     12.100     12.150     12.200     12.250     12.300     12.350     12.400     12.450     12.500     12.550     12.600     12.650     12.700     12.750     12.800     12.850     12.900     12.950     13.000     13.050     13.100     13.150     13.200     13.250     13.300     13.350     13.400     13.450     13.500     13.550     13.600     13.650     13.700     13.750     13.800     13.850     13.900     13.950     14.000     14.050     14.100     14.150     14.200     14.250     14.300     14.350     14.400     14.450     14.500     14.550     14.600     14.650     14.700     14.750     14.800     14.850     14.900     14.950     15.000     15.050     15.100     15.150     15.200     15.250     15.300     15.350     15.400     15.450     15.500     15.550     15.600     15.650     15.700     15.750     15.800     15.850     15.900     15.950
    sza =      15.259     15.025     14.816     14.634     14.478     14.351     14.252     14.183     14.143     14.134     14.154     14.204     14.285     14.394     14.533     14.698     14.891     15.109     15.352     15.618     15.907     16.216     16.546     16.894     17.260     17.642     18.039     18.452     18.877     19.315     19.764     20.225     20.696     21.176     21.665     22.162     22.666     23.178     23.697     24.222     24.752     25.287     25.828     26.373     26.923     27.477     28.035     28.596     29.161     29.729     30.300     30.873     31.449     32.027     32.608     33.191     33.775     34.362     34.950     35.540     36.131     36.725     37.318     37.914     38.510     39.108     39.706     40.306     40.906     41.507     42.108     42.711     43.314     43.917     44.521     45.125     45.730     46.335     46.940     47.546
  332.0000  6.780E-01  6.790E-01  6.799E-01  6.806E-01  6.812E-01  6.818E-01  6.821E-01  6.824E-01  6.826E-01  6.826E-01  6.825E-01  6.823E-01  6.820E-01  6.816E-01  6.810E-01  6.803E-01  6.795E-01  6.786E-01  6.776E-01  6.765E-01  6.752E-01  6.738E-01  6.723E-01  6.707E-01  6.690E-01  6.671E-01  6.652E-01  6.631E-01  6.609E-01  6.586E-01  6.562E-01  6.536E-01  6.510E-01  6.482E-01  6.454E-01  6.424E-01  6.393E-01  6.361E-01  6.328E-01  6.294E-01  6.259E-01  6.223E-01  6.186E-01  6.147E-01  6.108E-01  6.068E-01  6.026E-01  5.984E-01  5.941E-01  5.897E-01  5.851E-01  5.805E-01  5.758E-01  5.710E-01  5.661E-01  5.612E-01  5.561E-01  5.509E-01  5.457E-01  5.404E-01  5.350E-01  5.295E-01  5.239E-01  5.183E-01  5.125E-01  5.067E-01  5.009E-01  4.949E-01  4.889E-01  4.828E-01  4.767E-01  4.705E-01  4.642E-01  4.579E-01  4.515E-01  4.450E-01  4.385E-01  4.320E-01  4.254E-01  4.187E-01
  368.0000  8.468E-01  8.479E-01  8.489E-01  8.498E-01  8.505E-01  8.511E-01  8.516E-01  8.519E-01  8.521E-01  8.521E-01  8.520E-01  8.518E-01  8.514E-01  8.509E-01  8.503E-01  8.495E-01  8.486E-01  8.475E-01  8.463E-01  8.450E-01  8.436E-01  8.420E-01  8.402E-01  8.384E-01  8.364E-01  8.343E-01  8.320E-01  8.296E-01  8.271E-01  8.244E-01  8.216E-01  8.187E-01  8.157E-01  8.125E-01  8.092E-01  8.057E-01  8.022E-01  7.985E-01  7.947E-01  7.907E-01  7.867E-01  7.825E-01  7.782E-01  7.737E-01  7.692E-01  7.645E-01  7.597E-01  7.548E-01  7.498E-01  7.447E-01  7.394E-01  7.340E-01  7.286E-01  7.230E-01  7.173E-01  7.115E-01  7.056E-01  6.996E-01  6.934E-01  6.872E-01  6.809E-01  6.745E-01  6.679E-01  6.613E-01  6.546E-01  6.478E-01  6.409E-01  6.339E-01  6.268E-01  6.196E-01  6.124E-01  6.051E-01  5.976E-01  5.901E-01  5.826E-01  5.749E-01  5.672E-01  5.594E-01  5.515E-01  5.436E-01
------------------------------------------------------------
Spectral Irradiance, W m-2 nm-1
values at z =      2.073 km
Columns: wavelength (nm), times (hrs.) or sza (deg.)
    wc, nm     16.000     16.050     16.100     16.150     16.200     16.250     16.300     16.350     16.400     16.450     16.500     16.550     16.600     16.650     16.700     16.750     16.800     16.850     16.900     16.950     17.000     17.050     17.100     17.150     17.200     17.250     17.300     17.350     17.400     17.450     17.500     17.550     17.600     17.650     17.700     17.750     17.800     17.850     17.900     17.950     18.000     18.050     18.100     18.150     18.200     18.250     18.300     18.350     18.400     18.450     18.500     18.550     18.600     18.650     18.700     18.750     18.800     18.850     18.900     18.950     19.000     19.050     19.100     19.150     19.200     19.250     19.300     19.350     19.400     19.450     19.500     19.550     19.600     19.650     19.700     19.750     19.800     19.850     19.900     19.950
    sza =      48.152     48.757     49.364     49.969     50.576     51.182     51.787     52.394     52.999     53.605     54.211     54.816     55.421     56.026     56.631     57.235     57.839     58.443     59.046     59.649     60.251     60.852     61.454     62.054     62.654     63.254     63.853     64.451     65.048     65.645     66.241     66.836     67.431     68.024     68.617     69.209     69.800     70.390     70.979     71.568     72.154     72.741     73.326     73.910     74.492     75.074     75.654     76.234     76.811     77.388     77.963     78.537     79.110     79.681     80.251     80.819     81.386     81.951     82.515     83.077     83.637     84.196     84.753     85.308     85.861     86.413     86.962     87.510     88.056     88.600     89.141     89.681     90.218     90.754     91.286     91.817     92.346     92.872     93.395     93.917
  332.0000  4.120E-01  4.053E-01  3.985E-01  3.917E-01  3.848E-01  3.779E-01  3.710E-01  3.640E-01  3.571E-01  3.500E-01  3.430E-01  3.360E-01  3.289E-01  3.218E-01  3.148E-01  3.077E-01  3.006E-01  2.935E-01  2.864E-01  2.793E-01  2.722E-01  2.652E-01  2.581E-01  2.511E-01  2.441E-01  2.371E-01  2.301E-01  2.232E-01  2.163E-01  2.095E-01  2.027E-01  1.959E-01  1.892E-01  1.826E-01  1.760E-01  1.695E-01  1.631E-01  1.567E-01  1.504E-01  1.442E-01  1.381E-01  1.320E-01  1.261E-01  1.202E-01  1.145E-01  1.089E-01  1.033E-01  9.791E-02  9.260E-02  8.741E-02  8.233E-02  7.738E-02  7.255E-02  6.783E-02  6.324E-02  5.877E-02  5.441E-02  5.017E-02  4.605E-02  4.203E-02  3.813E-02  3.433E-02  3.063E-02  2.703E-02  2.353E-02  2.012E-02  1.681E-02  1.359E-02  1.047E-02  7.443E-03  4.511E-03  1.687E-03  6.833E-27  5.214E-30  0.000E+00  0.000E+00  0.000E+00  0.000E+00  0.000E+00  0.000E+00
  368.0000  5.356E-01  5.275E-01  5.193E-01  5.112E-01  5.029E-01  4.946E-01  4.862E-01  4.778E-01  4.694E-01  4.609E-01  4.523E-01  4.438E-01  4.351E-01  4.265E-01  4.178E-01  4.091E-01  4.003E-01  3.916E-01  3.828E-01  3.740E-01  3.652E-01  3.563E-01  3.475E-01  3.387E-01  3.298E-01  3.210E-01  3.122E-01  3.034E-01  2.946E-01  2.858E-01  2.770E-01  2.683E-01  2.596E-01  2.510E-01  2.424E-01  2.338E-01  2.253E-01  2.168E-01  2.085E-01  2.001E-01  1.919E-01  1.837E-01  1.757E-01  1.677E-01  1.598E-01  1.520E-01  1.444E-01  1.368E-01  1.294E-01  1.221E-01  1.150E-01  1.080E-01  1.011E-01  9.446E-02  8.794E-02  8.160E-02  7.542E-02  6.943E-02  6.360E-02  5.796E-02  5.249E-02  4.719E-02  4.206E-02  3.709E-02  3.226E-02  2.759E-02  2.305E-02  1.864E-02  1.436E-02  1.021E-02  6.187E-03  2.313E-03  6.657E-19  5.025E-21  0.000E+00  0.000E+00  0.000E+00  0.000E+00  0.000E+00  0.000E+00
------------------------------------------------------------
Spectral Irradiance, W m-2 nm-1
values at z =      2.073 km
Columns: wavelength (nm), times (hrs.) or sza (deg.)
    wc, nm     20.000     20.050     20.100     20.150     20.200     20.250     20.300     20.350     20.400     20.450     20.500     20.550     20.600     20.650     20.700     20.750     20.800     20.850     20.900     20.950     21.000     21.050     21.100     21.150     21.200     21.250     21.300     21.350     21.400     21.450     21.500     21.550     21.600     21.650     21.700     21.750     21.800     21.850     21.900     21.950     22.000     22.050     22.100     22.150     22.200     22.250     22.300     22.350     22.400     22.450     22.500     22.550     22.600     22.650     22.700     22.750     22.800     22.850     22.900     22.950     23.000     23.050     23.100     23.150     23.200     23.250     23.300     23.350     23.400     23.450     23.500     23.550     23.600     23.650     23.700     23.750     23.800     23.850     23.900     23.950
    sza =      94.435     94.951     95.465     95.976     96.484     96.989     97.492     97.991     98.488     98.981     99.472     99.959    100.444    100.924    101.402    101.876    102.347    102.814    103.278    103.738    104.194    104.646    105.095    105.540    105.980    106.417    106.849    107.277    107.701    108.120    108.535    108.945    109.351    109.751    110.148    110.538    110.925    111.306    111.682    112.052    112.417    112.777    113.131    113.480    113.823    114.160    114.491    114.816    115.135    115.448    115.755    116.055    116.349    116.636    116.917    117.191    117.458    117.718    117.971    118.218    118.456    118.688    118.912    119.129    119.339    119.540    119.735    119.921    120.100    120.270    120.433    120.588    120.735    120.873    121.004    121.126    121.239    121.345    121.442    121.530
  332.0000  0.000E+00  0.000E+00  0.000E+00  0.000E+00  0.000E+00  0.000E+00  0.000E+00  0.000E+00  0.000E+00  0.000E+00  0.000E+00  0.000E+00  0.000E+00  0.000E+00  0.000E+00  0.000E+00  0.000E+00  0.000E+00  0.000E+00  0.000E+00  0.000E+00  0.000E+00  0.000E+00  0.000E+00  0.000E+00  0.000E+00  0.000E+00  0.000E+00  0.000E+00  0.000E+00  0.000E+00  0.000E+00  0.000E+00  0.000E+00  0.000E+00  0.000E+00  0.000E+00  0.000E+00  0.000E+00  0.000E+00  0.000E+00  0.000E+00  0.000E+00  0.000E+00  0.000E+00  0.000E+00  0.000E+00  0.000E+00  0.000E+00  0.000E+00  0.000E+00  0.000E+00  0.000E+00  0.000E+00  0.000E+00  0.000E+00  0.000E+00  0.000E+00  0.000E+00  0.000E+00  0.000E+00  0.000E+00  0.000E+00  0.000E+00  0.000E+00  0.000E+00  0.000E+00  0.000E+00  0.000E+00  0.000E+00  0.000E+00  0.000E+00  0.000E+00  0.000E+00  0.000E+00  0.000E+00  0.000E+00  0.000E+00  0.000E+00  0.000E+00
  368.0000  0.000E+00  0.000E+00  0.000E+00  0.000E+00  0.000E+00  0.000E+00  0.000E+00  0.000E+00  0.000E+00  0.000E+00  0.000E+00  0.000E+00  0.000E+00  0.000E+00  0.000E+00  0.000E+00  0.000E+00  0.000E+00  0.000E+00  0.000E+00  0.000E+00  0.000E+00  0.000E+00  0.000E+00  0.000E+00  0.000E+00  0.000E+00  0.000E+00  0.000E+00  0.000E+00  0.000E+00  0.000E+00  0.000E+00  0.000E+00  0.000E+00  0.000E+00  0.000E+00  0.000E+00  0.000E+00  0.000E+00  0.000E+00  0.000E+00  0.000E+00  0.000E+00  0.000E+00  0.000E+00  0.000E+00  0.000E+00  0.000E+00  0.000E+00  0.000E+00  0.000E+00  0.000E+00  0.000E+00  0.000E+00  0.000E+00  0.000E+00  0.000E+00  0.000E+00  0.000E+00  0.000E+00  0.000E+00  0.000E+00  0.000E+00  0.000E+00  0.000E+00  0.000E+00  0.000E+00  0.000E+00  0.000E+00  0.000E+00  0.000E+00  0.000E+00  0.000E+00  0.000E+00  0.000E+00  0.000E+00  0.000E+00  0.000E+00  0.000E+00
------------------------------------------------------------
